data
0.744519304923
0.744519304923
0.744519304923
0.744519304923
0.744519304923
0.744519304923
0.744519304923
0.744519304923
0.744519304923
0.749688491249
0.659833628458
0.619932675995
0.58004536744
0.544059833188
0.504546363325
0.426843656181
0.420710173845
0.3412759315
0.300797822528
0.28509642696
0.217484613442
0.197514910713
0.186404672475
0.129939797592
0.058511055632
0.090433921455
0.0904339210874
0.0519436601076
0.0519436601076
0.0519436594676
0.0189644129071
0.0189644111817
0.0395119279073
0.0395119274932
0.0519436575474
0.0519436572273
0.0189644060056
0.0189644051429
0.0189644042803
0.0189644034176
0.0189644034176
0.0485603230638
0.0424986119229
0.0455251766598
0.0175934458487
0.0384092355237
0.0384092351293
0.0178263682198
0.0485828106937
0.0417913488507
0.0178263656699
0.0178263656699
0.01782636482
0.038409232368
0.0384092319735
0.0178263614203
0.0485828078869
0.0175934334159
0.0178263588704
0.0178263588704
0.0178263580205
0.0178263571706
0.0485828066395
0.0455251701392
0.0179857534782
0.0424986036263
0.0424986032492
0.0805529345223
0.0805529343233
0.0424986021179
0.0424986017408
0.0838782044204
0.0424986009865
0.045525166364
0.045525166364
0.0455251656777
0.0455251656777
0.0455251653345
0.126670078543
0.126670078423
0.087194028732
0.0904998997985
0.13004318928
0.13004318928
0.0904998993142
0.133401292179
0.133401291969
0.133401291969
0.133401291864
0.133401291759
0.090499898507
0.13340129155
0.0904998981842
0.13340129134
0.0904998978613
0.0937953209017
0.13340129113
0.13340129092
0.133401290815
0.133401290815
0.133401290605
0.1334012905
0.0904998967313
0.133401290395
0.0904998964084
0.09379531926
0.13340129008
0.0904998959241
0.0937953191108
0.133401289766
0.133401289661
0.133401289556
0.0937953183645
0.0937953182153
0.093795318066
0.093795318066
0.0937953177675
0.0937953176183
0.0937953174691
0.0937953173198
0.0937953171706
0.0937953170213
0.0937953170213
0.0937953168721
0.0937953165736
0.0937953165736
0.0937953164243
0.0937953162751
0.0937953161258
0.0937953159766
0.0937953158274
0.0937953156781
0.0937953156781
0.0937953153796
0.0937953152304
0.0937953150811
0.0937953147826
0.0937953147826
0.0937953147826
0.0937953144841
0.0937953143349
0.0937953140364
0.0937953140364
0.0937953138872
0.0937953138872
0.0937953135887
0.0937953135887
0.0937953132902
0.0937953132902
0.0937953131409
0.0937953129917
0.0937953128424
0.0937953126932
0.093795312544
0.0937953123947
0.0547651192931
0.0970798068981
0.0970798067609
0.0970798066237
0.0970798064865
0.0970798063493
0.0970798062121
0.0970798060749
0.0970798059377
0.0578799315366
0.100352902248
0.0610054271569
0.1036141406
0.103614140487
0.103614140374
0.103614140147
0.103614140147
0.103614140033
0.103614140033
0.103614139806
0.106863069142
0.10686306904
0.106863068938
0.106863068837
0.106863068837
0.0672769750146
0.110099245082
0.0704183770714
0.0704183769305
0.113322231038
0.110099244632
0.153207828656
0.15320782854
0.113322230724
0.113322230645
0.11653159528
0.0767031698317
0.119726912635
0.11972691258
0.119726912524
0.119726912413
0.16287054627
0.119726912357
0.122907761486
0.126073725975
0.126073725942
0.126073725909
0.126073725876
0.169215206513
0.12607372581
0.129224393643
0.129224393599
0.1323593566
0.0923635263976
0.132359356579
0.132359356568
0.0923635263358
0.132359356546
0.132359356536
0.0923635262895
0.0923635262895
0.132359356503
0.132359356492
0.0923635262277
0.132359356471
0.13235935646
0.0923635261813
0.132359356439
0.0892418153855
0.132359356417
0.089241815322
0.0892418152903
0.0892418152585
0.0892418152268
0.132359356374
0.0892418151633
0.0492875173945
0.089241815068
0.089241815068
0.0923635259959
0.0492875171071
0.0492875171071
0.089241814941
0.0492875169921
0.0492875169346
0.0492875168771
0.0892418147823
0.0492875167622
0.0492875167047
0.0492875166472
0.0492875165897
0.0892418146553
0.00759374879772
0.0492875164172
0.0462237815963
0.0462237815963
0.00669524255104
0.00669524173625
0.040192649862
0.0372443130742
0.00953427606484
0.0372443126543
0.0372443124444
0.0095342727844
0.0372443120245
0.00953427114418
0.00953427032408
0.0372443113947
0.0372443111847
0.0372443109748
0.0372443109748
0.0372443105549
0.037244310345
0.037244310345
0.0372443099251
0.0122390482681
0.0343584780899
0.0122390460859
0.0343584775717
0.012239044631
0.0122390439036
0.0343584765352
0.0122390417214
0.0122390417214
0.012239040994
0.0343584757579
0.0343584754988
0.0343584752397
0.0152497215856
0.0315539206284
0.0184157791388
0.0288559351235
0.0262988708149
0.0216679987845
0.026298869474
0.0216679964464
0.0216679964464
0.0216679959039
0.0216679948189
0.0216679948189
0.0216679942764
0.0262988671196
0.0249714470599
0.0578652592135
0.0331475204606
0.0657789927268
0.0693122440701
0.0283068586528
0.0728438624353
0.0350318091455
0.0350318087284
0.0350318087284
0.0384091333294
0.0350318074774
0.0384091325405
0.038409132146
0.0384091317516
0.0384091313571
0.0186608361277
0.0178261477905
0.018660833779
0.0186608322132
0.0186608322132
0.0178261443907
0.0178261435408
0.0547650793424
0.0516645519553
0.0516645516725
0.0516645513898
0.0937952889354
0.0937952887862
0.0937952886369
0.0937952884877
0.0937952883385
0.0904998623299
0.09379528804
0.0937952878907
0.0937952875922
0.0838781584849
0.0871939872187
0.0871939872187
0.0838781582986
0.0838781581123
