data
0.128061478588
0.128061478588
0.128061478588
0.128061478588
0.128061478588
0.128061478588
0.128061478588
0.128061478588
0.128061478588
0.180973421628
0.135526765826
0.137072026959
0.138738459823
0.19993091091
0.203458143036
0.193283744869
0.146953669582
0.152324160065
0.172951855025
0.289130916731
0.135939987027
0.231181778128
0.307439187704
0.251171572065
0.104589836085
0.263014402946
0.263014403671
0.177743098519
0.177743098519
0.177743098927
0.105462134959
0.105462135002
0.0183314298677
0.0183314297195
0.177743100151
0.177743100355
0.105462135129
0.10546213515
0.105462135171
0.105462135192
0.105462135192
0.192428557238
0.0328678120239
0.047405927295
0.134585085934
0.236551343495
0.236551343642
0.149156915207
0.0619465409906
0.22183183107
0.149156915136
0.149156915136
0.149156915113
0.236551344669
0.236551344816
0.149156915018
0.0619465392531
0.134585085812
0.149156914947
0.149156914947
0.149156914923
0.1491569149
0.061946538481
0.0474059239114
0.120020422829
0.0328678084349
0.0328678082717
-0.0530280907125
-0.0530280910377
0.0328678077823
0.0328678076192
-0.0384018627782
0.0328678072929
0.0474059219525
0.0474059219525
0.0474059215964
0.0474059215964
0.0474059214183
-0.106842532168
-0.106842532667
-0.02377768756
-0.00915477954188
-0.0920373002994
-0.0920373002994
-0.00915478064634
-0.0772371237991
-0.0772371248511
-0.0772371248511
-0.0772371253771
-0.0772371259031
-0.0091547824871
-0.0772371269552
-0.0091547832234
-0.0772371280072
-0.00915478395971
0.00546763558868
-0.0772371290593
-0.0772371301113
-0.0772371306373
-0.0772371306373
-0.0772371316893
-0.0772371322154
-0.00915478653677
-0.0772371327414
-0.00915478727308
0.0054676313814
-0.0772371343194
-0.00915478837753
0.00546763099892
-0.0772371358975
-0.0772371364235
-0.0772371369495
0.00546762908652
0.00546762870404
0.00546762832156
0.00546762832156
0.0054676275566
0.00546762717412
0.00546762679164
0.00546762640916
0.00546762602668
0.0054676256442
0.0054676256442
0.00546762526172
0.00546762449676
0.00546762449676
0.00546762411428
0.0054676237318
0.00546762334932
0.00546762296684
0.00546762258436
0.00546762220188
0.00546762220188
0.00546762143692
0.00546762105444
0.00546762067196
0.005467619907
0.005467619907
0.005467619907
0.00546761914204
0.00546761875956
0.0054676179946
0.0054676179946
0.00546761761212
0.00546761761212
0.00546761684716
0.00546761684716
0.0054676160822
0.0054676160822
0.00546761569972
0.00546761531724
0.00546761493476
0.00546761455228
0.0054676141698
0.00546761378732
0.0910383269747
0.0200903235587
0.0200903231618
0.020090322765
0.0200903223682
0.0200903219714
0.0200903215745
0.0200903211777
0.0200903207809
0.105591066785
0.0347141029587
0.120149405257
0.0493397392757
0.0493397388501
0.0493397384245
0.0493397375733
0.0493397375733
0.0493397371477
0.0493397371477
0.0493397362965
0.0639680102823
0.0639680098422
0.0639680094022
0.0639680089622
0.0639680089622
0.149286018687
0.0785997052178
0.16386588274
0.163865882442
0.0932356120346
0.0785997029453
0.0115033744638
0.0115033732533
0.0932356101587
0.0932356096897
0.107876519761
0.193052739246
0.12252322927
0.122523228772
0.122523228274
0.122523227277
0.0558712124485
0.122523226779
0.137176536159
0.151837252053
0.151837251525
0.151837250998
0.151837250471
0.0854637210649
0.151837249416
0.166506185161
0.166506184077
0.181184158519
0.266216607007
0.181184157405
0.181184156849
0.266216605385
0.181184155735
0.181184155178
0.266216604168
0.266216604168
0.181184153508
0.181184152951
0.266216602545
0.181184151838
0.181184151281
0.266216601328
0.181184150167
0.251557978883
0.181184149054
0.251557978103
0.251557977713
0.251557977323
0.251557976932
0.181184146826
0.251557976152
0.339616732458
0.251557974981
0.251557974981
0.26621659646
0.339616731352
0.339616731352
0.251557973421
0.33961673091
0.339616730689
0.339616730467
0.25155797147
0.339616730025
0.339616729804
0.339616729583
0.339616729361
0.251557969909
0.414464623772
0.339616728698
0.32487602711
0.32487602711
0.399527476796
0.399527476784
0.295448503004
0.280759837293
0.369722660124
0.280759836973
0.280759836814
0.369722660192
0.280759836494
0.369722660225
0.369722660242
0.280759836015
0.280759835856
0.280759835696
0.280759835696
0.280759835376
0.280759835217
0.280759835217
0.280759834897
0.354852936648
0.266086697056
0.354852936742
0.266086696767
0.354852936805
0.354852936836
0.266086696189
0.354852936931
0.354852936931
0.354852936962
0.354852935007
0.356395603982
0.35639560402
0.438954279549
0.342258823465
0.424466782402
0.328139444465
0.314036634598
0.410002845632
0.314036634868
0.410002844391
0.410002844391
0.410002844685
0.410002845273
0.410002845273
0.410002845567
0.314036633339
0.395561478815
0.382908699182
0.410857173126
0.367852740476
0.35281854545
0.280791808476
0.337805094233
0.251283951378
0.251283951511
0.251283951511
0.236551377027
0.251283951908
0.236551377321
0.236551377468
0.236551377614
0.236551377761
0.163736693242
0.149156905138
0.163736693126
0.163736693049
0.163736693049
0.149156905043
0.149156905019
0.0910382867481
0.0764903652181
0.0764903650101
0.0764903648021
0.00546754537912
0.00546754499664
0.00546754461416
0.00546754423168
-0.0157258731146
-0.0498410793648
-0.0593256396458
-0.0880622232657
-0.168299348239
-0.198787177758
-0.243380844538
-0.243380844538
-0.251907171561
-0.3234431423
