data
0.0478039269973
0.0478039269973
0.0478039269973
0.0478039269973
0.0478039269973
0.0478039269973
0.0478039269973
0.0478039269973
0.0478039269973
0.070026147895
0.0922483687927
0.0922483687927
0.0922483687927
0.11447058969
0.11447058969
0.0922483687927
0.0922483687927
0.0922483687927
0.11447058969
0.11447058969
0.136692810588
0.0922483687927
0.0922483687927
0.0922483687927
0.0922483687927
0.070026147895
0.0698920691501
0.0698250297777
0.0698250297777
0.0696909510328
0.0918461325581
0.0917120538132
0.0917120538132
0.0916450144407
0.0692887147982
0.0692216754257
0.0913098175785
0.0912427782061
0.0911757388337
0.0911086994612
0.0911086994612
0.0909746207163
0.113129802242
0.135284983767
0.135217944394
0.157306086547
0.157239047175
0.157172007802
0.157172007802
0.134882747532
0.156970889685
0.156970889685
0.156903850313
0.156769771568
0.156702732195
0.156635692823
0.15656865345
0.13427939318
0.156434574705
0.156434574705
0.156367535333
0.156300495961
0.156300495961
0.13401123569
0.11172197542
0.111654936048
0.111587896675
0.111520857303
0.111453817931
0.111386778558
0.111319739186
0.133407881338
0.111185660441
0.133273802594
0.133273802594
0.133139723849
0.133139723849
0.133072684476
0.155227866002
0.155160826629
0.155093787257
0.177248968782
0.177181929409
0.177181929409
0.177047850665
0.199270071562
0.199135992817
0.199135992817
0.199068953445
0.199001914072
0.176712653802
0.198867835328
0.176578575057
0.198733756583
0.176444496313
0.19866671721
0.198599677838
0.198465599093
0.198398559721
0.198398559721
0.198264480976
0.198197441603
0.175975220706
0.198130402231
0.175841141961
0.197929284113
0.197929284113
0.175640023843
0.197862244741
0.197728165996
0.197661126624
0.197594087251
0.197527047879
0.197460008506
0.197392969134
0.197392969134
0.197258890389
0.197191851017
0.197124811644
0.197057772272
0.196990732899
0.196923693527
0.196923693527
0.196856654154
0.19672257541
0.19672257541
0.196655536037
0.196588496665
0.196521457292
0.19645441792
0.196387378547
0.196320339175
0.196320339175
0.19618626043
0.196119221058
0.196052181685
0.19591810294
0.19591810294
0.19591810294
0.195784024195
0.195716984823
0.195582906078
0.195582906078
0.195515866706
0.195515866706
0.195381787961
0.195381787961
0.195247709216
0.195247709216
0.195180669843
0.195113630471
0.195046591099
0.194979551726
0.194912512354
0.194845472981
0.194711394236
0.216933615134
0.216866575762
0.216799536389
0.216732497017
0.216665457644
0.216598418272
0.216531378899
0.216464339527
0.216464339527
0.23855248168
0.238485442307
0.260640623833
0.26057358446
0.260506545088
0.260372466343
0.260372466343
0.26030542697
0.26030542697
0.260171348225
0.282326529751
0.282259490378
0.282192451006
0.282125411633
0.282125411633
0.282058372261
0.304213553786
0.304146514414
0.304079475041
0.326234656567
0.303878356924
0.326100577822
0.325966499077
0.325966499077
0.325899459704
0.347987601857
0.347987601857
0.370142783382
0.37007574401
0.370008704637
0.369874625893
0.392029807418
0.36980758652
0.391962768045
0.414117949571
0.414050910198
0.413983870826
0.413916831453
0.436072012979
0.413782752708
0.436004973606
0.435870894861
0.458026076386
0.458026076386
0.457891997642
0.457824958269
0.457757918897
0.457690879524
0.457623840152
0.457556800779
0.457556800779
0.457422722034
0.457355682662
0.45728864329
0.457221603917
0.457154564545
0.457087525172
0.4570204858
0.434798264902
0.456886407055
0.434664186157
0.434597146785
0.434530107412
0.43446306804
0.456618249565
0.434328989295
0.434261949923
0.434127871178
0.434127871178
0.456283052703
0.43392675306
0.43392675306
0.433859713688
0.433792674316
0.433725634943
0.433658595571
0.433524516826
0.433524516826
0.433457477453
0.433390438081
0.433323398709
0.433256359336
0.410967099066
0.433122280591
0.410765980949
0.410765980949
0.388476720679
0.388409681306
0.366187460408
0.343831160766
0.343831160766
0.343697082021
0.343630042649
0.343563003276
0.343495963904
0.343428924531
0.343361885159
0.343294845786
0.343227806414
0.343160767041
0.343160767041
0.343026688297
0.342959648924
0.342959648924
0.342825570179
0.320603349282
0.320469270537
0.320402231164
0.320335191792
0.320268152419
0.320201113047
0.320067034302
0.31999999493
0.31999999493
0.319932955557
0.319865916185
0.319865916185
0.319798876812
0.297509616542
0.29744257717
0.2751533169
0.275086277527
0.25286405663
0.252729977885
0.252662938512
0.252528859767
0.252528859767
0.252461820395
0.25232774165
0.25232774165
0.252260702278
0.252193662905
0.22977032389
0.22977032389
0.22977032389
0.207346984875
0.185057724605
0.207279945503
0.162701424962
0.16263438559
0.162567346218
0.162567346218
0.140211046575
0.1623662281
0.14007696783
0.140009928458
0.139942889085
0.139875849713
0.162098070611
0.139741770968
0.161896952493
0.161762873748
0.161762873748
0.139473613478
0.139406574106
0.183783976529
0.161494716259
0.161427676886
0.161360637514
0.183515819039
0.183448779666
0.183381740294
0.183314700922
0.183247661549
0.161025440651
0.183180622177
0.183180622177
0.183180622177
0.116513959484
0.138736180381
0.138736180381
0.116513959484
0.116513959484
