data
1.18239649442
1.18239649442
1.18239649442
1.18239649442
1.18239649442
1.18239649442
1.18239649442
1.18239649442
1.18239649442
1.18557789186
1.09921937524
1.05925414382
1.01929164007
0.981313326944
0.941457262483
0.862495408218
0.859476510879
0.779597386713
0.739090033966
0.708417053524
0.657478215368
0.624111341869
0.591649837153
0.544965301342
0.498323562645
0.467055041798
0.467055040042
0.461151015812
0.461151015812
0.461151014034
0.458325729672
0.458325727884
0.459634655346
0.459634654455
0.461151008699
0.46115100781
0.458325722519
0.458325721625
0.458325720731
0.458325719837
0.458325719837
0.460500727763
0.459544198155
0.459402411531
0.457479576113
0.458244658334
0.458244657443
0.456979950707
0.459209304609
0.459047433419
0.456979948025
0.456979948025
0.456979947131
0.458244651202
0.45824465031
0.456979943555
0.459209296602
0.457479563596
0.456979940873
0.456979940873
0.456979939979
0.456979939085
0.459209293043
0.459402394615
0.457928169966
0.459544178555
0.459544177664
0.464611121714
0.464611120833
0.459544174991
0.459544174101
0.464772595102
0.459544172319
0.459402384822
0.459402384822
0.459402383041
0.459402383041
0.459402382151
0.473875703034
0.473875702172
0.464882426212
0.464940606206
0.474226492013
0.474226492013
0.464940603573
0.474525199186
0.474525197469
0.474525197469
0.47452519661
0.474525195752
0.464940599185
0.474525194035
0.46494059743
0.474525192318
0.464940595675
0.464947109948
0.474525190601
0.474525188884
0.474525188025
0.474525188025
0.474525186308
0.474525185449
0.464940589533
0.474525184591
0.464940587778
0.46494710031
0.474525182015
0.464940585145
0.464947099434
0.47452517944
0.474525178581
0.474525177723
0.464947095053
0.464947094177
0.4649470933
0.4649470933
0.464947091548
0.464947090672
0.464947089796
0.464947088919
0.464947088043
0.464947087167
0.464947087167
0.464947086291
0.464947084538
0.464947084538
0.464947083662
0.464947082786
0.46494708191
0.464947081034
0.464947080157
0.464947079281
0.464947079281
0.464947077529
0.464947076653
0.464947075776
0.464947074024
0.464947074024
0.464947074024
0.464947072271
0.464947071395
0.464947069643
0.464947069643
0.464947068767
0.464947068767
0.464947067014
0.464947067014
0.464947065262
0.464947065262
0.464947064386
0.464947063509
0.464947062633
0.464947061757
0.464947060881
0.464947060005
0.458669188738
0.464901904946
0.464901904072
0.464901903197
0.464901902322
0.464901901447
0.464901900572
0.464901899698
0.464901898823
0.45832234648
0.464805083368
0.457924362631
0.464656623045
0.464656622173
0.464656621301
0.464656619557
0.464656619557
0.464656618685
0.464656618685
0.464656616941
0.46445653646
0.464456535589
0.464456534719
0.464456533848
0.464456533848
0.456975214791
0.464204863588
0.456424209102
0.456424208218
0.463901643979
0.464204859244
0.47522146882
0.475221467127
0.46390164051
0.463901639643
0.463546921166
0.455169761393
0.463140760862
0.463140759998
0.463140759134
0.463140757406
0.474864463687
0.463140756543
0.462683218927
0.462174377704
0.462174376843
0.462174375983
0.462174375123
0.474365487324
0.462174373402
0.461614311493
0.461614309776
0.461003115871
0.451149525736
0.461003114158
0.461003113301
0.451149522235
0.461003111589
0.461003110732
0.45114951961
0.45114951961
0.461003108163
0.461003107306
0.451149516109
0.461003105594
0.461003104737
0.451149513484
0.461003103024
0.452054107507
0.461003101311
0.452054105754
0.452054104878
0.452054104001
0.452054103125
0.461003097886
0.452054101372
0.445890196772
0.452054098742
0.452054098742
0.451149502982
0.445890192329
0.445890192329
0.452054095236
0.445890190552
0.445890189663
0.445890188774
0.452054090854
0.445890186997
0.445890186109
0.44589018522
0.445890184331
0.452054087348
0.444711366019
0.445890181666
0.447042693342
0.447042693342
0.446110108161
0.446110107267
0.449199547468
0.450203537858
0.448761617191
0.450203536076
0.450203535185
0.448761613615
0.450203533403
0.448761611827
0.448761610933
0.450203530729
0.450203529838
0.450203528947
0.450203528947
0.450203527164
0.450203526273
0.450203526273
0.450203524491
0.450013928064
0.451157671543
0.450013925382
0.45115766976
0.450013923595
0.450013922701
0.451157666193
0.450013920019
0.450013920019
0.450013919125
0.450013918217
0.410019407499
0.410019406605
0.414181160114
0.411228803282
0.415659665126
0.412391174299
0.41350634638
0.417091558965
0.413506343701
0.417091556186
0.417091556186
0.4170915553
0.417091553529
0.417091553529
0.417091552643
0.41350633741
0.41847661024
0.458091134665
0.378943081449
0.459386608087
0.460632478542
0.455533157153
0.461828532032
0.457391070714
0.457391069822
0.457391069822
0.458244430858
0.457391067146
0.458244429075
0.458244428183
0.458244427292
0.4582444264
0.456429166934
0.456979718288
0.456429164252
0.456429162464
0.456429162464
0.456979714712
0.456979713818
0.458669044166
0.458964678892
0.458964678003
0.458964677114
0.464946912282
0.464946911405
0.464946910529
0.464946909653
0.480774391509
0.441687451261
0.403110935393
0.364658120667
0.289015194132
0.287080463343
0.250559720632
0.250559720632
0.249693572238
0.213257045841
