data
0.151005909283
0.151005909283
0.151005909283
0.151005909283
0.151005909283
0.151005909283
0.151005909283
0.151005909283
0.151005909283
0.213388825201
0.148518019816
0.144739870415
0.140961721014
0.194890414902
0.190228356332
0.165670293499
0.125849123412
0.118292824611
0.127190677337
0.201983391056
0.0891025561273
0.143001397096
0.179044417782
0.135445098295
0.0520246087198
0.12143079314
0.121430793011
0.0815355028803
0.0815355028803
0.081535502751
0.0482464588126
0.0482464586437
0.00842528855656
0.00842528847211
0.0815355023631
0.0815355022984
0.048246458137
0.0482464580525
0.0482464579681
0.0482464578836
0.0482464578836
0.0880676278019
0.0151014929725
0.0217702410584
0.0613842254841
0.107390281126
0.107390280982
0.0679092595385
0.028428238238
0.100998209414
0.0679092591078
0.0679092591078
0.0679092589642
0.107390279978
0.107390279834
0.06790925839
0.028428236946
0.0613842237494
0.0679092579594
0.0679092579594
0.0679092578158
0.0679092576722
0.0284282363718
0.0217702387041
0.0548288769289
0.01510149068
0.0151014905758
-0.0246258956731
-0.0246258957773
0.0151014902632
0.015101490159
-0.0178437469608
0.0151014899506
0.0217702373411
0.0217702373411
0.0217702370932
0.0217702370932
0.0217702369693
-0.050533808526
-0.0505338086695
-0.0110527875126
-0.00425636929492
-0.0435849315133
-0.0435849315133
-0.00425636978431
-0.036614531757
-0.0366145321222
-0.0366145321222
-0.0366145323049
-0.0366145324875
-0.00425637059995
-0.0366145328527
-0.00425637092621
-0.036614533218
-0.00425637125246
0.00254214869889
-0.0366145335832
-0.0366145339484
-0.0366145341311
-0.0366145341311
-0.0366145344963
-0.0366145346789
-0.00425637239436
-0.0366145348615
-0.00425637272062
0.00254214669006
-0.0366145354094
-0.00425637321
0.00254214650744
-0.0366145359573
-0.0366145361399
-0.0366145363225
0.00254214559433
0.00254214541171
0.00254214522909
0.00254214522909
0.00254214486385
0.00254214468123
0.00254214449861
0.00254214431599
0.00254214413337
0.00254214395074
0.00254214395074
0.00254214376812
0.00254214340288
0.00254214340288
0.00254214322026
0.00254214303764
0.00254214285502
0.0025421426724
0.00254214248978
0.00254214230716
0.00254214230716
0.00254214194191
0.00254214175929
0.00254214157667
0.00254214121143
0.00254214121143
0.00254214121143
0.00254214084619
0.00254214066357
0.00254214029832
0.00254214029832
0.0025421401157
0.0025421401157
0.00254213975046
0.00254213975046
0.00254213938522
0.00254213938522
0.0025421392026
0.00254213901998
0.00254213883736
0.00254213865473
0.00254213847211
0.00254213828949
0.0416988200237
0.00933940140058
0.00933940119856
0.00933940099654
0.00933940079451
0.00933940059249
0.00933940039047
0.00933940018844
0.00933939998642
0.048304866295
0.0161320510252
0.0548870599102
0.0229167358709
0.0229167356304
0.0229167353899
0.0229167349088
0.0229167349088
0.0229167346683
0.0229167346683
0.0229167341873
0.0296901026429
0.0296901023833
0.0296901021237
0.0296901018641
0.0296901018641
0.0679668972229
0.0364488087724
0.0744580839716
0.0744580836931
0.0431895166389
0.0364488073797
0.00546652994505
0.00546652935035
0.0431895154495
0.0431895151522
0.0499088958529
0.0873269647072
0.0566036314626
0.0566036311281
0.0566036307935
0.0566036301245
0.0265174521961
0.05660362979
0.0632704140142
0.0699059548424
0.0699059544714
0.0699059541004
0.0699059537293
0.0404917054312
0.0699059529873
0.076506974044
0.076506973266
0.0830702142179
0.118689866471
0.0830702134043
0.0830702129975
0.118689864844
0.0830702121839
0.0830702117771
0.118689863624
0.118689863624
0.0830702105567
0.0830702101499
0.118689861996
0.0830702093363
0.0830702089295
0.118689860776
0.0830702081159
0.112522236044
0.0830702073023
0.112522235266
0.112522234877
0.112522234488
0.112522234099
0.0830702056751
0.112522233321
0.148537501933
0.112522232154
0.112522232154
0.118689855894
0.148537499988
0.148537499988
0.112522230598
0.14853749921
0.148537498821
0.148537498432
0.112522228653
0.148537497654
0.148537497265
0.148537496876
0.148537496487
0.112522227096
0.179085240903
0.14853749532
0.142692138624
0.142692138624
0.173529282178
0.173529281825
0.130792960353
0.124745013969
0.162163082823
0.124745013337
0.124745013021
0.162163081559
0.124745012389
0.162163080927
0.162163080611
0.124745011441
0.124745011125
0.124745010809
0.124745010809
0.124745010177
0.124745009861
0.124745009861
0.124745009229
0.156358449959
0.118635463265
0.156358449067
0.11863546267
0.156358448472
0.156358448175
0.118635461481
0.156358447283
0.156358447283
0.156358446986
0.156358445845
0.143055201137
0.14305520084
0.176024141425
0.138014865668
0.171183173774
0.132906377896
0.12773226061
0.166257674547
0.127732259889
0.166257672964
0.166257672964
0.166257672724
0.166257672243
0.166257672243
0.166257672002
0.127732257344
0.161250073631
0.171152056724
0.151348090538
0.165201236004
0.159168838274
0.126235769493
0.153057841769
0.113729279551
0.113729279388
0.113729279388
0.107390242755
0.113729278898
0.107390242467
0.107390242324
0.10739024218
0.107390242037
0.0744007161905
0.0679092204493
0.0744007157011
0.0744007153748
0.0744007153748
0.067909219875
0.0679092197315
0.0416987885061
0.0350721526671
0.0350721525039
0.0350721523408
0.0025421056761
0.00254210549347
0.00254210531085
0.00254210512823
-0.00756028545499
-0.0220050660858
-0.0239007884018
-0.0320711156267
-0.0484117700763
-0.0566928044729
-0.0603811854848
-0.0603811854848
-0.0622364700564
-0.0677801356398
