data
0.0467476448264
0.0467476448264
0.0467476448264
0.0467476448264
0.0467476448264
0.0467476448264
0.0467476448264
0.0467476448264
0.0467476448264
0.107380265266
0.0553022338583
0.0570729726812
0.0589825640802
0.129103947787
0.13314585807
0.121486856589
0.0683965010201
0.0745506297917
0.0981882270379
0.2
0.0557757504739
0.164914803742
0.2
0.18782142026
0.0198511237533
0.2
0.2
0.103678587655
0.103678587655
0.103678588122
0.020850704632
0.0208507046806
0.0
0.0
0.103678589524
0.103678589758
0.0208507048264
0.0208507048507
0.020850704875
0.0208507048993
0.0208507048993
0.12050688375
0.0
0.0
0.0542231481883
0.171067872409
0.171067872577
0.0709212345315
0.0
0.15420055364
0.0709212344501
0.0709212344501
0.0709212344229
0.171067873754
0.171067873922
0.0709212343144
0.0
0.0542231480486
0.070921234233
0.070921234233
0.0709212342058
0.0709212341787
0.0
0.0
0.03753327367
0.0
0.0
0.0
0.0
0.0
0.0
0.0
0.0
0.0
0.0
0.0
0.0
0.0
-0.022432523314
-0.0224325238867
0.0
0.0
-0.0054669772987
-0.0054669772987
0.0
0.0
0.0
0.0
0.0
0.0
0.0
0.0
0.0
0.0
0.0
0.0
0.0
0.0
0.0
0.0
0.0
0.0
0.0
0.0
0.0
0.0
0.0
0.0
0.0
0.0
0.0
0.0
0.0
0.0
0.0
0.0
0.0
0.0
0.0
0.0
0.0
0.0
0.0
0.0
0.0
0.0
0.0
0.0
0.0
0.0
0.0
0.0
0.0
0.0
0.0
0.0
0.0
0.0
0.0
0.0
0.0
0.0
0.0
0.0
0.0
0.0
0.0
0.0
0.0
0.0
0.0
0.0
0.0
0.0
0.0
0.00432223819163
0.0
0.0
0.0
0.0
0.0
0.0
0.0
0.0
0.0209984496214
0.0
0.0376810766442
0.0
0.0
0.0
0.0
0.0
0.0
0.0
0.0
0.0
0.0
0.0
0.0
0.0
0.0710691762213
0.0
0.0877764697442
0.0877764694023
0.00684014139799
0.0
0.0
0.0
0.00684013924836
0.00684013871095
0.023617385817
0.121222143644
0.0404012785893
0.0404012780186
0.0404012774478
0.0404012763063
0.0
0.0404012757356
0.0571927314024
0.0739926743098
0.0739926737055
0.0739926731012
0.073992672497
0.0
0.0739926712884
0.0908020334506
0.0908020322083
0.107621751955
0.2
0.107621750679
0.107621750041
0.2
0.107621748765
0.107621748127
0.2
0.2
0.107621746213
0.107621745575
0.2
0.107621744299
0.107621743661
0.2
0.107621742385
0.188264209857
0.107621741109
0.188264208963
0.188264208516
0.188264208069
0.188264207622
0.107621738557
0.188264206727
0.2
0.188264205386
0.188264205386
0.2
0.2
0.2
0.188264203597
0.2
0.2
0.2
0.188264201362
0.2
0.2
0.2
0.2
0.188264199573
0.2
0.2
0.2
0.2
0.2
0.2
0.2
0.2
0.2
0.2
0.2
0.2
0.2
0.2
0.2
0.2
0.2
0.2
0.2
0.2
0.2
0.2
0.2
0.2
0.2
0.2
0.2
0.2
0.2
0.2
0.2
0.2
0.2
0.2
0.2
0.2
0.203004552347
0.2
0.2
0.2
0.2
0.2
0.2
0.2
0.2
0.2
0.2
0.2
0.2
0.2
0.2
0.2
0.178943081449
0.2
0.2
0.2
0.2
0.187950197467
0.187950197618
0.187950197618
0.171067910833
0.187950198074
0.17106791117
0.171067911338
0.171067911506
0.171067911674
0.0876284294844
0.0709212229923
0.0876284293514
0.0876284292627
0.0876284292627
0.0709212228837
0.0709212228566
0.00432219209538
0.0
0.0
0.0
0.0
0.0
0.0
0.0
0.0
0.0
0.0
0.0342737380319
0.0144589883708
-0.0458773640896
0.00672113728334
0.00672113728334
-0.0138564103494
0.0189987784318
