data
0.216318308898
0.216318308898
0.216318308898
0.216318308898
0.216318308898
0.216318308898
0.216318308898
0.216318308898
0.216318308898
-0.107380265266
0.216582145375
0.227662740126
0.237993883915
-0.090214363409
-0.0619315200732
0.0829635655551
0.272231708453
0.285180570538
0.231280110413
-0.2
0.230947404067
0.125526521722
-0.0613998174639
0.126018646667
0.188247311126
0.151994426101
0.151994426425
0.222463423866
0.222463423866
0.222463422882
0.172135130618
0.172135129894
0.0337011542262
0.0337011538884
0.222463419928
0.222463419436
0.172135127722
0.172135127359
0.172135126997
0.172135126635
0.172135126635
0.231763627457
0.0604059718902
0.0923860923465
0.191313753748
0.0684131335566
0.0685667763125
0.168867057282
0.128670497924
0.136670959851
0.169327986135
0.169327986135
0.169481629087
0.0696422756039
0.0697959183598
0.170096200892
0.128169136372
0.191313746949
0.170557129745
0.170557129745
0.170710772696
0.170864415648
0.127947560959
0.0916762675321
0.181782234046
0.0604059627201
0.0604059623033
-0.0985035826923
-0.0985035831091
0.0604059610528
0.060405960636
-0.0780851053275
0.0604059598024
0.0912702796053
0.0912702796053
0.0911968496314
0.0911968496314
0.0911601789336
-0.17970271079
-0.179702710791
-0.0612422590466
-0.0305047483055
-0.17785034982
-0.17785034982
-0.0305678628347
-0.146458127028
-0.146458128489
-0.146458128489
-0.146458129219
-0.14645812995
-0.0306736360674
-0.146458131411
-0.0307161505957
-0.146458132872
-0.0307587831337
0.0153211187536
-0.146458134333
-0.146458135794
-0.146458136524
-0.146458136524
-0.146458137985
-0.146458138716
-0.0309089334717
-0.146458139446
-0.030952103182
0.0154192680181
-0.146458141638
-0.0310170843122
0.0154282530788
-0.146598247801
-0.146654633268
-0.146711062126
0.0154733359329
0.0154823841428
0.0154914429424
0.0154914429424
0.0155095923847
0.0155186830648
0.0155277844091
0.0155368964364
0.0155460191656
0.0155551526155
0.0155551526155
0.0155642968051
0.0155826174788
0.0155826174788
0.0155917940011
0.0156009813391
0.0156101795119
0.0156193885387
0.0156286084388
0.0156378392314
0.0156378392314
0.0156563335713
0.0156655971575
0.0156748717137
0.0156934538142
0.0156934538142
0.0156934538142
0.0157120800294
0.0157214097292
0.0157401024117
0.0157401024117
0.015749465434
0.015749465434
0.0157682249401
0.0157682249401
0.0157870291945
0.0157870291945
0.0157964481524
0.0158058783576
0.0158153198302
0.0158247725904
0.0158342366586
0.0158437120549
0.162473041903
0.0446683881262
0.0446889118159
0.0447094543751
0.0447300158298
0.0447505962061
0.0447711955302
0.0447918138283
0.0448124511265
0.172221015559
0.064528204101
0.181867162997
0.0916669434837
0.0916669425216
0.0916669415595
0.0916669396353
0.0916669396353
0.0916669386733
0.0916669386733
0.0916669367491
0.118760410572
0.118760409533
0.118760408495
0.118760407457
0.118760407457
0.20079841267
0.14579523509
0.210055866142
0.21005586537
0.165917925158
0.145795229519
0.0218661197802
0.0218661174014
0.16591792255
0.165917921898
0.176018197595
0.228085715185
0.186013247261
0.186013246494
0.186013245726
0.186013244192
0.106069808784
0.186013243424
0.195888924654
0.20563114506
0.20563114418
0.2056311433
0.20563114242
0.161966821725
0.205631140661
0.215225862726
0.215225860856
0.224659104916
0.146961191658
0.224659102938
0.224659101949
0.147530808477
0.22465909997
0.224659098981
0.147959249984
0.147959249984
0.224659096014
0.224659095025
0.148532151267
0.224659093046
0.224659092057
0.148963066774
0.224659090079
0.185018518122
0.2246590881
0.185018520787
0.18501852212
0.185018523452
0.185018524785
0.224659084144
0.18501852745
0.071816449476
0.185018531447
0.185018531447
0.150697437067
0.0718164562589
0.0718164562589
0.185018536778
0.071816458972
0.0718164603286
0.0718164616851
0.185018543441
0.0718164643983
0.0718164657548
0.0718164671114
0.071816468468
0.185018548771
-0.0616231186146
0.0718164725377
0.0914430893651
0.0914430893651
-0.0325574913925
-0.0325574896276
0.127206432032
0.143522259699
0.0196039664948
0.143522261345
0.143522262168
0.0196039718174
0.143522263814
0.0196039744787
0.0196039758093
0.143522266284
0.143522267107
0.14352226793
0.14352226793
0.143522269576
0.143522270399
0.143522270399
0.143522272046
0.0430580846753
0.158899432931
0.0430580881341
0.158899434377
0.0430580904399
0.0430580915929
0.15889943727
0.0430580950516
0.0430580950516
0.0430580962045
0.0430581006267
0.0902666378268
0.0902666387925
-0.0482914728756
0.106127520096
-0.0210368811573
0.121226489721
0.135606606998
0.00183483628643
0.135606608943
0.00183484336495
0.00183484336495
0.00183484444069
0.00183484659215
0.00183484659215
0.00183484766788
0.135606615803
0.0234231174483
-0.0208868994416
0.0828869058707
0.00652274821903
-0.00740221522582
0.0750506422003
0.00825416176881
0.0393192466128
0.0394728893851
0.0394728893851
0.107592040772
0.0399338177021
0.107899326284
0.10805296904
0.108206611796
0.108360254552
0.140870157988
0.200715658805
0.141331086893
0.14163837283
0.14163837283
0.200715656616
0.200715656069
0.167632903642
0.151593718085
0.151530823194
0.151467980469
0.0176262995939
0.0176380422338
0.0176498005317
0.0176615745189
-0.0483444737614
-0.110378147763
-0.12123832629
-0.181683291378
-0.208106068676
-0.180893853802
-0.248245879223
-0.248245879223
-0.235089469876
-0.290119320991
