data
0.00685598191786
0.00685598191786
0.00184959172074
0.00227619335871
0.0084832529126
0.0316467895127
0.0294911446968
0.028891612371
0.0165568612606
0.0142131136229
0.0338388619426
0.0338388619426
0.036897660975
0.036897660975
0.0363384242267
0.029632214041
0.0265974510331
0.0631564704689
0.0171666033926
0.0164055687414
0.0300238338004
0.0333281690238
0.0675011676633
0.07529638132
0.0524004447503
0.0598094761071
0.0630724268576
0.0675072684196
0.102571185558
0.0809588196737
0.0842480266569
0.0588622668285
0.0885276231035
0.0999780944764
0.112849411925
0.112849411925
0.13023309749
0.136961285935
0.149821074451
0.128322212565
0.138186999919
0.119857181604
0.0979604188307
0.132472571146
0.0912856837366
0.0945744526203
0.0891473276073
0.0924122734253
0.0776140530522
0.0874239165115
0.0892094176131
0.0872881452993
0.0917351148115
0.104557963118
0.0776822423816
0.084373916829
0.0490393328137
0.0692198693978
0.0814985309046
0.0533149982251
0.0543750202719
0.0233734999859
0.0824036369094
0.0760492385405
0.0698377329101
0.0698377329101
0.0916251713437
0.113053963469
0.0740554572822
0.0985357979781
0.0839253127624
0.105116014902
0.0412792737458
0.0978768978727
0.0664987613337
0.0664987613337
0.0635239973158
0.0604308120958
0.0888279714928
0.0478801981425
0.0511579718092
0.0416833951281
0.0449645939741
0.0353551080854
0.0291824555739
0.0291824555739
0.0197467986434
0.0125578237336
0.0135230197771
0.00766351702421
0.0320771133066
0.00932812720451
0.0389029713951
0.0155310512289
0.016809698552
0.0416833952785
0.0108755691767
0.035355108035
0.0320771133307
0.0226224656555
0.0353056311494
0.00684298679616
0.0597204047072
0.0597204047072
0.0420492371054
0.0420492371054
0.037331833948
0.0712042292278
0.064981415327
0.0154854999651
0.0522732145108
0.0426404816868
0.0393216057178
0.0363101431225
0.0314895288303
0.022974458598
0.022974458598
0.0162202971179
0.00988696226544
0.00706781297493
0.00868231062635
0.0245169930496
0.0824102352798
0.0916575781537
0.122575980102
0.132430470392
0.164253584121
0.139595487757
0.195921643799
0.199211785586
0.206199960984
0.17837400883
0.203190721835
0.203190721835
0.168723796505
0.215342140092
0.268041564576
0.24047664983
0.22241175174
0.22561769313
0.234321749861
0.231290911034
0.178936102347
0.207048903622
0.218857197968
0.191162105775
0.10658206464
0.128436026946
0.125150881641
0.0808954564619
0.084183473183
0.0746946134735
0.0435031389256
0.0339552391708
0.00834890720796
0.0108050523691
0.0343609886702
0.00774886336819
0.00670728277289
0.00759723374144
0.0390823566223
0.00615426817038
0.0492934074516
0.0211254064838
0.0241970216463
0.00377376286906
0.0515302810437
0.0515302810437
0.0322376829533
0.150533160812
0.147289703437
0.202452623916
0.235004129993
0.248123152767
0.352771862438
0.365820731911
0.431381624305
0.452653872156
0.3511937264
0.295651716298
0.311721515005
0.185230557291
0.213740849399
0.173471006071
0.15877609666
0.11665264524
0.039051945632
0.075013980595
0.075013980595
0.057730631471
0.0390519466963
0.00564972804051
0.0206117228058
0.00725398805575
0.0238644441424
0.0158052646085
0.0158052607124
0.0464235259192
0.0186613348616
0.0462950065609
0.0276552953405
0.0276552953405
0.0306856557836
0.0617181580116
0.0102022758916
0.0398269889254
0.0158370302649
0.0490160773961
0.0490160773961
0.0519133608066
0.0271316210398
0.0333413459936
0.0333413459936
0.0152298645843
0.021148741515
0.0486342921072
0.0239150497311
0.00677678674017
0.0333413442509
0.0365861003347
0.0927831491493
0.0927831491493
0.120399570054
0.149967070097
0.126967406082
0.0213624312086
0.011606366661
0.0358650709878
0.0358650709878
0.0215601421381
0.0159269436493
0.00908587262856
0.0406979429572
0.010512751049
0.0203785674582
0.0148606519054
0.061075927547
0.0249636733455
0.0732704958608
0.0708942375866
0.109777122797
0.115478323175
0.182844204935
0.222718619993
0.210245069305
0.195206384741
0.208645545617
0.211875326867
0.189663015625
0.189663015625
0.24646014766
0.28118445241
0.245776183929
0.239969385658
0.222221290508
0.198856493443
0.184078561079
0.130693044749
0.1648825399
0.146729989482
0.111092114544
0.111092114544
0.0560317660363
0.0816985555724
0.0675845615282
0.0574830815426
0.0574830815426
0.0324526156672
0.017116061588
0.017116061588
0.00475012525676
0.0284839523588
0.00956792481504
0.00672988608368
0.0205843896722
0.0354320729467
0.0271199327178
0.0240269882765
0.0176992203439
0.0112649054549
