data
0.00195337659794
0.00195337659794
-0.00439685973906
-0.0189514176746
-0.0311861466722
-0.155832630521
-0.0749428981058
-0.170238307717
-0.271746841724
-0.286464397008
-0.191647312264
-0.191647312264
-0.235621922681
-0.235621922681
-0.285182782978
-0.344463227934
-0.390738794079
-0.27727740134
-0.486269063871
-0.52096702546
-0.551970547237
-0.589145054823
-0.604385962108
-0.553645220695
-0.455608193523
-0.444649248198
-0.429140506019
-0.423921732575
-0.462330343065
-0.391306170073
-0.376159370907
-0.320706964096
-0.408440770705
-0.387762370351
-0.424800701208
-0.424800701208
-0.456785589707
-0.435366162252
-0.477723430925
-0.449791479299
-0.403699487171
-0.377095134717
-0.360610152069
-0.430862536235
-0.399673447849
-0.384590857973
-0.493769422229
-0.477922675596
-0.48475042617
-0.437426826737
-0.438796384406
-0.474139333458
-0.49594437455
-0.551837050331
-0.413333955797
-0.438033922984
-0.403178579358
-0.458257850844
-0.481022574013
-0.372235693211
-0.355677282884
-0.260032478986
-0.389347556479
-0.373460223687
-0.357219439531
-0.357219439531
-0.390743996501
-0.414112991004
-0.366905288314
-0.396411023291
-0.355390369275
-0.395013717233
-0.26280494549
-0.350696495027
-0.277686046046
-0.277686046046
-0.248026688993
-0.21875876745
-0.262446587477
-0.189382983156
-0.174711458119
-0.174856050375
-0.160203682808
-0.160004721283
-0.14549528608
-0.14549528608
-0.145295412913
-0.0726671590082
-0.109603963885
-0.0724921887241
-0.111675996649
0.0419194760555
-0.0219436969059
0.131112731394
0.117502911396
0.105965265119
0.222985794746
0.214497406139
0.200664116107
0.29643597703
0.279491966344
0.370570949006
0.276702275868
0.276702275868
0.361125047602
0.361125047602
0.347692415426
0.274968265933
0.246380398444
0.400362087851
0.324165097755
0.281360667618
0.306238639407
0.350612424901
0.41959710778
0.500158256824
0.500158256824
0.508673182283
0.422487961703
0.422119444054
0.407207098021
0.452648960117
0.575593789516
0.529375665069
0.513213841475
0.490524615619
0.495880314901
0.417901106254
0.4696956054
0.453601395694
0.377410746771
0.322776332531
0.349088450517
0.349088450517
0.32444746012
0.417547392553
0.538802246369
0.421191071176
0.298123516369
0.282325936563
0.409314673592
0.381542194138
0.235245236341
0.245819360704
0.357618373407
0.280467786692
0.0973786985314
0.16903304168
0.183862106484
0.127222437657
0.112558674528
0.112521576399
0.0397195995665
0.0184547352967
-0.0688008766282
-0.082961434197
-0.04396319096
-0.203355297763
-0.217950323584
-0.312499428189
-0.404167798926
-0.299928612934
-0.30413490081
-0.345465800727
-0.330828496066
-0.322555351056
-0.514049425591
-0.514049425591
-0.415946897311
-0.650968717523
-0.667706128207
-0.649568800382
-0.744688062884
-0.676085434979
-0.729080801914
-0.719402277415
-0.618440277156
-0.491245669703
-0.311221627962
-0.212173523949
-0.324844332862
-0.119179892165
-0.157395068897
-0.119179892165
-0.0729533603496
-0.0262226040035
0.106997117732
7.68661212085e-05
7.68661212085e-05
0.0164884619723
0.0316590035408
0.106997116374
0.0471012375369
0.0763041060678
0.0149952235638
0.0912739229463
0.0434767096097
0.114451960701
0.0726211878897
0.157901215713
0.115819909763
0.115819909763
0.144594962133
0.21421106805
0.116691591855
0.187613002906
0.0878409525192
0.230486738369
0.230486738369
0.259223986917
0.203367573075
0.217366751478
0.217366751478
0.220268343423
0.27693273621
0.386395574362
0.359979800412
0.338924990092
0.431474482425
0.416039263142
0.527462030646
0.527462030646
0.609000778199
0.598887641381
0.576962639306
0.325296103992
0.302046866837
0.411020194344
0.411020194344
0.456045525106
0.374483500903
0.390971139658
0.570674266615
0.436936921934
0.42797223772
0.471163109142
0.639001442978
0.505723575954
0.609891631891
0.587447553887
0.581889644919
0.552946386307
0.620678678256
0.632974942881
0.518413540236
0.421437555762
0.39835138008
0.382168533727
0.330235568049
0.330235568049
0.488882703091
0.527065097125
0.450373690357
0.331187416798
0.321042849666
0.320525327495
0.287607931497
0.202334486948
0.277916177318
0.251391215
0.195112216464
0.195112216464
0.119809150971
0.177108200254
0.175122504984
0.16353883423
0.16353883423
0.17379308167
0.184173693301
0.184173693301
0.193978506094
0.283851776413
0.28767576268
0.274631543185
0.257817585077
0.203794095625
0.0941384424392
-0.000385111628541
-0.169807297823
-1.32690149657
