data
-0.113880665837
-0.113880665837
-0.182680665837
-0.20490294634
-0.27370294634
-0.388980665837
-0.41120294634
-0.41120294634
-0.54060294634
-0.562825226842
-0.562825226842
-0.562825226842
-0.593125226842
-0.593125226842
-0.623425226842
-0.639580785047
-0.647658504544
-0.625436224042
-0.761591782247
-0.694925059949
-0.657958337651
-0.724669334851
-0.687580332051
-0.628369167958
-0.561702326451
-0.576513442861
-0.554291162358
-0.509846601354
-0.465402040349
-0.420957479345
-0.398735198842
-0.398735198842
-0.398735198842
-0.37651291834
-0.354290637838
-0.354290637838
-0.332068357335
-0.433901515828
-0.538956954824
-0.516734674321
-0.450067832814
-0.48032327181
-0.458100991307
-0.435878710805
-0.3914341498
-0.369211869298
-0.602189588796
-0.579967308293
-0.650800466787
-0.58413362528
-0.517466783773
-0.49524450327
-0.450799942266
-0.361910756683
-0.273021634674
-0.228577073669
-0.206354793167
-0.13968795166
-0.117465671158
-0.0619100891113
-0.0174655281067
-0.0174655281067
0.00475675239563
0.00475675239563
0.00475675239563
0.00475675239563
0.0269790328979
0.0492013134003
0.0269790328979
0.0714235939026
0.0936458744049
0.115868154907
0.115868154907
0.160312715912
0.160312715912
0.160312715912
0.182534996414
0.204757276917
0.226979557419
0.204757276917
0.226979557419
0.204757276917
0.226979557419
0.204757276917
0.204757276917
0.204757276917
0.182534996414
0.182534996414
0.182534996414
0.182534996414
0.182534996414
0.328812715912
0.351034996414
0.478312715912
0.522757276917
0.597457276917
0.597457276917
0.597457276917
0.575234996414
0.553012715912
0.53079043541
0.486345874405
0.486345874405
0.486345874405
0.581723593903
0.581723593903
0.652556752396
0.745712191391
0.701267630386
0.634600788879
0.612378508377
0.54571166687
0.523489386368
0.501267105865
0.479044825363
0.456822544861
0.456822544861
0.390155639781
0.301266517772
0.234599676265
0.212377395762
0.19015511526
0.167932834758
0.101265993251
0.0123768712414
-0.0542899702655
-0.143179092275
-0.187623653279
-0.232068214284
-0.254290494786
-0.343179616796
-0.365401897298
-0.365401897298
-0.365401897298
-0.343179616796
-0.320957336293
-0.298735055791
-0.365401897298
-0.454291019307
-0.47651329981
-0.365402135717
-0.387624416219
-0.454291257726
-0.476513538228
-0.387624416219
-0.409846696721
-0.432068977224
-0.409846696721
-0.387624416219
-0.343179855214
-0.365402135717
-0.343179855214
-0.343179855214
-0.320957574712
-0.343179855214
-0.365402135717
-0.365402135717
-0.459202135717
-0.481424416219
-0.653146696721
-0.705624416219
-0.69143529421
-0.646990733205
-0.6025461722
-0.580323891698
-0.580323891698
-0.558101611196
-0.558101611196
-0.520145886098
-0.544501325093
-0.566723605596
-0.524412441503
-0.504223319493
-0.415334435903
-0.306356605148
-0.217467721558
-0.0396899543762
0.115865532303
0.24919873848
0.360310140991
0.338087860489
0.338087860489
0.360310140991
0.338087860489
0.315865579987
0.293643299484
0.271421018982
0.271421018982
0.271421018982
0.271421018982
0.271421018982
0.271421018982
0.271421018982
0.293643299484
0.293643299484
0.293643299484
0.293643299484
0.293643299484
0.315865579987
0.338087860489
0.338087860489
0.338087860489
0.360310140991
0.360310140991
0.382532421494
0.382532421494
0.404754701996
0.404754701996
0.404754701996
0.426976982498
0.426976982498
0.426976982498
0.426976982498
0.426976982498
0.446076982498
0.542999263
0.617699263
0.692399263
0.744976982498
0.722754701996
0.722754701996
0.722754701996
0.686343299484
0.664121018982
0.64189873848
0.468476648712
0.492832087708
0.561632087708
0.561632087708
0.709342965698
0.695198404694
0.681053843689
0.705287002182
0.638620160675
0.632553255595
0.73840869459
0.679219811
0.679219811
0.627364085902
0.664397244395
0.553286080302
0.516297196711
0.508886032618
0.419996910609
0.308885746516
0.219996624507
0.131107502498
0.108885221995
0.0644406609906
0.0644406609906
0.0866629414929
0.0644406609906
-0.0244482226001
-0.135559386693
-0.157781667195
-0.135559386693
-0.157781667195
-0.157781667195
-0.135559505902
-0.135559505902
-0.116459505902
-0.116459505902
-0.0720150641071
0.0773849358929
0.174307216395
0.249107216395
0.249107216395
0.346029496898
0.3682517774
0.3682517774
0.390474057902
0.3682517774
0.390474057902
0.390474057902
0.390474057902
0.390474057902
0.323807335605
0.301585055102
0.257140494098
0.212696052302
