data
0.433348301214
0.433348301214
0.42916495651
0.42912654
0.424492653217
0.415684890884
0.453758904263
0.415150745503
0.421980795138
0.421074190215
0.415902067371
0.415902067371
0.400883121858
0.400883121858
0.386345199551
0.400606634839
0.390013596652
0.379174398013
0.375892980357
0.384431135467
0.396027306432
0.432645679398
0.453048486186
0.444891016786
0.41635150807
0.443434468615
0.444826900631
0.421300142145
0.434845680835
0.430657265896
0.431889292715
0.423434505536
0.406857658687
0.437867370663
0.420389749866
0.420389749866
0.436859923882
0.451207260064
0.472831005381
0.434687524651
0.438773340342
0.46993306231
0.46733865351
0.502647993016
0.425301471395
0.426559085134
0.455661281772
0.457197944389
0.454814239872
0.45920616543
0.451201430963
0.441866877101
0.435631228069
0.456655171463
0.441584039333
0.438890693601
0.413042520351
0.421066487624
0.431136358219
0.407868226047
0.390943395844
0.394804478096
0.391642096646
0.391682823337
0.391826698146
0.391826698146
0.392975633854
0.451689362705
0.421137221365
0.424550991754
0.453361182104
0.456762399332
0.425334221082
0.429955226617
0.427388271877
0.427388271877
0.427978849888
0.428526346396
0.430915882374
0.428323399967
0.428919179239
0.428359670136
0.428908403898
0.428490239354
0.428709222272
0.428709222272
0.428573784532
0.431747342909
0.431691833372
0.406986797266
0.406946414211
0.422964885753
0.443999601103
0.431227814485
0.394394447711
0.388410428271
0.39178472292
0.383515275198
0.384193489935
0.385329111754
0.381907987842
0.426069530968
0.428703338874
0.428703338874
0.415223497649
0.415223497649
0.408550742576
0.400174850614
0.401871082363
0.408900453317
0.393375378659
0.396318632302
0.386050804311
0.405744887691
0.38893560985
0.435206367783
0.435206367783
0.432253250394
0.411761058798
0.411366227193
0.412692033998
0.409951465322
0.408308144244
0.413488615354
0.449859646243
0.484698712763
0.468784826772
0.437704594753
0.48005624041
0.4815220448
0.484867258371
0.450396049537
0.484005354582
0.484005354582
0.447558883717
0.487706898583
0.508002765836
0.497239668717
0.490317775503
0.491259496769
0.494832124909
0.493796005938
0.450346686019
0.484797839953
0.489308653241
0.480309956639
0.434876644851
0.438487807439
0.437910160448
0.432053628531
0.432447221114
0.431606210867
0.430770332119
0.433003198773
0.407150142387
0.406900671228
0.40737305102
0.422258694007
0.421570591015
0.428311820359
0.443664254194
0.404699126002
0.444002003849
0.408742211565
0.409833904134
0.396959318287
0.418323150138
0.418323150138
0.416888130736
0.475228053188
0.473212131756
0.532294376668
0.487479205306
0.496061018291
0.594453883371
0.605808385384
0.683657412751
0.695781944246
0.607640092089
0.552901079854
0.534976882293
0.459952520248
0.491254556885
0.459952520248
0.487066053195
0.459708024314
0.412253903382
0.433027978404
0.433027978404
0.405400122003
0.40630146342
0.41225389741
0.407319563939
0.408180889323
0.404549051915
0.409312390307
0.434612379814
0.440200705067
0.435347305798
0.440622767936
0.437042421348
0.437042421348
0.437690663252
0.444294585077
0.434414306986
0.439491435042
0.432160683998
0.441409131023
0.441409131023
0.441979628389
0.437077732986
0.438167861958
0.438167861958
0.41343802548
0.422358443711
0.43431641066
0.430572482322
0.426447576638
0.441300341105
0.442653480664
0.467790844182
0.467790844182
0.438066515981
0.479834522031
0.441744380991
0.421714339889
0.419507850939
0.414350547877
0.414350547877
0.432066079057
0.414717152329
0.403238512216
0.424541521333
0.413489809696
0.382601665451
0.377475573554
0.421306764826
0.425676292007
0.428551364815
0.454976769631
0.442367887096
0.433875493262
0.491118685958
0.489704776931
0.487976331393
0.483263023948
0.503288425396
0.504540341274
0.499095937909
0.499095937909
0.524721722245
0.55864868875
0.515498538652
0.542506774127
0.50368856132
0.493110326233
0.484694122143
0.444256849029
0.473422022464
0.463527377799
0.444674612818
0.444674612818
0.408738580558
0.427613065312
0.420026374385
0.413085996768
0.413085996768
0.409773445321
0.40052669665
0.40052669665
0.391168633184
0.395167027019
0.354412708609
0.314650595897
0.274957500303
0.195946130152
0.119120385674
0.0806542407669
0.0426478768408
0.0112649054549
