data
0.000846491892027
0.000846491892027
-0.00188697203874
-0.0081320694938
-0.0132361443755
-0.0645154150194
-0.0339741841596
-0.0703336838211
-0.11326579962
-0.118979765338
-0.0792194892916
-0.0792194892916
-0.0935852704954
-0.0935852704954
-0.108691598551
-0.135281449634
-0.148545113749
-0.103794463848
-0.175666326908
-0.191338722074
-0.207663315106
-0.24039974955
-0.257447938101
-0.233919865867
-0.183198222954
-0.190739461728
-0.185087757279
-0.173296841646
-0.193956397326
-0.16425103567
-0.158655000775
-0.133482459205
-0.161595253883
-0.165565473648
-0.173259097147
-0.173259097147
-0.192683857368
-0.190293248407
-0.217388156736
-0.188992469483
-0.17236031386
-0.173039345536
-0.16489820396
-0.20993327821
-0.165492265328
-0.160036400508
-0.215959945433
-0.210281612844
-0.211937774805
-0.194524312132
-0.191693010781
-0.201744438574
-0.207300547569
-0.239402604562
-0.177368741563
-0.186159802661
-0.162054769319
-0.186274077912
-0.199480736305
-0.148341235114
-0.136136395916
-0.101508944938
-0.14866141956
-0.142901295649
-0.137010259832
-0.137010259832
-0.149675160013
-0.181749887443
-0.151073890277
-0.163923457702
-0.157749909919
-0.175771694636
-0.110497665862
-0.147711974857
-0.117160405412
-0.117160405412
-0.105065175502
-0.0929979904658
-0.11179859954
-0.0806331418463
-0.0745564454827
-0.0745201831968
-0.06841916172
-0.0682682936688
-0.0621553350193
-0.0621553350193
-0.062050942346
-0.0313462484192
-0.0472204599831
-0.0294775298978
-0.0453517414617
0.0177252740688
-0.00974221077466
0.0563776050785
0.0462359281413
0.0410810325033
0.0866402434791
0.0816336727843
0.0765775097811
0.112559833865
0.105355950054
0.154300094019
0.117115259862
0.117115259862
0.146709647254
0.146709647254
0.139205173578
0.10865403287
0.0980144558655
0.159369696603
0.125296933888
0.110043047885
0.116384441151
0.139362429373
0.158449467372
0.208709487618
0.208709487618
0.2105154786
0.168834765357
0.168534594591
0.163445172962
0.179291967416
0.222255596416
0.208809502252
0.220871901708
0.228336090843
0.223050687983
0.177639380705
0.217280595644
0.211005643389
0.178680702962
0.142865959332
0.165549859604
0.165549859604
0.142675113492
0.197774794302
0.260660435278
0.203295303598
0.144019576177
0.13686010749
0.196933639069
0.183866033563
0.104967469554
0.117976104928
0.171279694998
0.132952287488
0.0422808255946
0.0737664753005
0.0800622116185
0.0548187574908
0.0485729686981
0.0484625949681
0.017105526523
0.00799050583389
-0.0279901923025
-0.0337183538594
-0.0179036506835
-0.0852779392451
-0.0911557418307
-0.131679316777
-0.174472629935
-0.119569169105
-0.132964343567
-0.138414416431
-0.133124998502
-0.125832595044
-0.205692567031
-0.205692567031
-0.168446263398
-0.287967908937
-0.293006501362
-0.321954569428
-0.330385363736
-0.31040738197
-0.396015897967
-0.399188459252
-0.396360660057
-0.328217471905
-0.186072646301
-0.116432773083
-0.170743897916
-0.0546874149659
-0.07700219165
-0.0546874149659
-0.0355015946731
-0.0120533600028
0.0440258629418
3.32851810418e-05
3.32851810418e-05
0.00668412161763
0.0128609508121
0.0440258617476
0.0191781624882
0.0311156631441
0.00606607613703
0.0373076958874
0.0188895639986
0.0502719117659
0.0315876567073
0.0692861149519
0.0505051221067
0.0505051221067
0.0630675613258
0.0944466296702
0.0505775292996
0.0819714452347
0.0379126063779
0.100840541593
0.100840541593
0.11329287827
0.0882759969961
0.0944948819097
0.0944948819097
0.0903326905747
0.115475561854
0.163673089092
0.151671451192
0.141782488108
0.184556481673
0.178894313712
0.23545874986
0.23545874986
0.250595146212
0.270494262523
0.240963066858
0.134775422321
0.124793111721
0.165551590979
0.165551590979
0.19028243175
0.151700164291
0.153668733757
0.229337156502
0.174974889282
0.158789937305
0.171344833463
0.251264913241
0.206214865034
0.245465064922
0.252165542955
0.243126972132
0.227870030683
0.285628433908
0.289682893665
0.241793615567
0.197689684666
0.195225245165
0.188159963215
0.161839781889
0.161839781889
0.246430187295
0.280999682992
0.224397540817
0.176404837062
0.158942098372
0.155361892044
0.137487958657
0.0892764081011
0.129884459024
0.115303216221
0.0862120124639
0.0862120124639
0.0488535504104
0.0753384733457
0.0731806786589
0.0672548762375
0.0672548762375
0.0708578301637
0.073350161809
0.073350161809
0.0754033476905
0.110668644032
0.10055548652
0.085330820814
0.0701061551077
0.0396568236951
0.0111972520272
-3.10608852427e-05
-0.00720716798328
-0.0109315183067
