data
0.0
0.0
0.0
0.0
0.0
-0.078571040786
0.0
-0.0950787308732
-0.2
-0.2
-0.119611642955
-0.119611642955
-0.170002834607
-0.170002834607
-0.213654800449
-0.2
-0.209986403348
-0.220825601987
-0.257223301352
-0.296984236487
-0.332511655444
-0.375110503248
-0.392575296514
-0.334430689868
-0.222088532009
-0.209530505709
-0.2
-0.2
-0.229791547969
-0.2
-0.2
-0.2
-0.2
-0.2
-0.2
-0.2
-0.223437728652
-0.2
-0.247430727331
-0.215423068496
-0.2
-0.2
-0.2
-0.2
-0.2
-0.2
-0.265818078927
-0.247659044905
-0.255483070734
-0.201254220357
-0.202823617841
-0.243323654165
-0.268310390699
-0.332358679258
-0.2
-0.20194990141
-0.2
-0.225124815642
-0.251211266829
-0.2
-0.190943395844
-0.194804478096
-0.191642096646
-0.191682823337
-0.191826698146
-0.191826698146
-0.192975633854
-0.2
-0.2
-0.2
-0.2
-0.2
-0.2
-0.2
-0.2
-0.2
-0.184217649718
-0.150679082127
-0.2
-0.117016912928
-0.100204583656
-0.100370274177
-0.0835798977466
-0.0833519046333
-0.0667253166289
-0.0667253166289
-0.0664962788509
0.0
-0.0255968909698
0.0
-0.0279712656186
0.0
0.0
0.0502441229866
0.0446092259052
0.0421631297037
0.165168910925
0.165152873056
0.149724083053
0.214670888246
0.218092012158
0.2
0.2
0.2
0.2
0.2
0.2
0.2
0.182331139712
0.2
0.206624621341
0.203681367698
0.213949195689
0.2
0.21106439015
0.273139144093
0.273139144093
0.282896529926
0.2
0.2
0.2
0.218697500313
0.359581897064
0.306619827708
0.288099742085
0.262099804445
0.268236983749
0.2
0.238231516905
0.21978891109
0.2
0.2
0.2
0.2
0.2
0.2
0.317421894183
0.2
0.2
0.2
0.2
0.2
0.169571183858
0.181688237819
0.2
0.2
0.0115877688065
0.0936975977305
0.110690454279
0.0457861747427
0.0289827399605
0.0289402286367
0.0
0.0
0.0
0.0
0.0
-0.133028006069
-0.149752673697
-0.2
-0.2
-0.2
-0.2
-0.2
-0.2
-0.203040681713
-0.289057250949
-0.289057250949
-0.2
-0.4
-0.4
-0.4
-0.4
-0.4
-0.4
-0.4
-0.4
-0.262926071561
-0.2
-0.143132948934
-0.2
-0.0365700964775
-0.0803614632793
-0.0365700964775
0.0
0.0
0.0226096653217
0.0
0.0
0.0
0.0
0.0226096637657
0.0
0.0
0.0
0.00459221128855
0.0
0.0311522861029
0.0
0.0809414648072
0.03271984026
0.03271984026
0.065693621381
0.145467802485
0.0337187143588
0.114988664966
0.000658316955208
0.164118346845
0.164118346845
0.197048807978
0.133042072541
0.149083949323
0.149083949323
0.15240892877
0.2
0.2
0.2
0.2
0.2
0.2
0.304426964189
0.304426964189
0.39786348622
0.386274685073
0.361150483379
0.2
0.2
0.2
0.2
0.222589677088
0.2
0.2
0.353944539075
0.200692830805
0.217398334549
0.239913152322
0.4
0.279516530048
0.398884329354
0.37316531046
0.366796415925
0.333629884648
0.4
0.4
0.294058157959
0.2
0.2
0.2
0.2
0.2
0.260218311281
0.303972111879
0.216090233224
0.2
0.2
0.2
0.2
0.131858243042
0.2
0.188073112523
0.123582130697
0.123582130697
0.0372911739542
0.102951047834
0.100675608667
0.0874016997576
0.0874016997576
0.0991522017649
0.111047506469
0.111047506469
0.122282994309
0.2
0.2
0.2
0.192958915289
0.2
0.2
0.2
0.194661301074
0.14373172232
