data
0.003955676952
0.003955676952
-0.0133460353855
-0.0443584028314
-0.0529445775022
-0.179490619291
-0.135896736638
-0.186256004411
-0.15960618574
-0.110099595938
-0.190487952983
-0.190487952983
-0.070654276561
-0.070654276561
0.0424401740504
0.0658111856336
0.0943103583942
0.0542198416749
0.257223301352
0.289635157006
0.332511655444
0.375110503248
0.392575296514
0.334430689868
0.10700961817
0.141725324306
0.0961834362063
0.0313970467595
0.184198206951
-0.0106769035396
-0.0340089820044
-0.119570132863
-0.0219851396401
-0.00491477769308
0.031209011449
0.031209011449
0.16889873795
0.129216742256
0.247430727331
0.136094897041
0.0267643114718
0.0301164745725
-0.00785391205024
0.2
-0.00523866382026
-0.0284228164317
0.265818078927
0.247659044905
0.255483070734
0.159722845851
0.141464776431
0.243323654165
0.268310390699
0.332358679258
0.0523622200361
0.104689371912
0.0541393015383
0.12857042005
0.247078616624
-0.0724999899596
-0.120845689677
-0.202154689788
-0.0797418705666
-0.0990831869197
-0.117344861257
-0.117344861257
-0.0748435236001
0.0765321255926
-0.0628208569419
-0.0120955849621
-0.0376101979655
0.0439756202566
-0.134449749754
-0.022170290061
-0.0325903190388
-0.0325903190388
-0.0341217466005
-0.118590029549
-0.120198827034
-0.152252198748
-0.198021198275
-0.1688988375
-0.190096749133
-0.185917207043
-0.181896023448
-0.181896023448
-0.151843117468
-0.145913408913
-0.163284948963
-0.140265028215
-0.153550802389
0.0709010962752
-0.0389688430986
0.175266297327
0.146610170785
-0.0114343459715
-0.134440127193
-0.134424089324
-0.0680655839635
-0.0820826737984
-0.0345740823534
0.0458452461918
0.08537736052
0.08537736052
-0.133212270952
-0.133212270952
-0.2
-0.2
-0.182331139712
-0.2
-0.206624621341
-0.0543603814066
-0.0136984940397
0.0478987820874
0.023766418928
-0.273139144093
-0.273139144093
-0.282896529926
-0.00991771346648
-0.00852510781041
0.0141547264539
-0.084571987548
-0.359581897064
-0.306619827708
-0.288099742085
-0.262099804445
-0.268236983749
-0.0880023832543
-0.238231516905
-0.21978891109
-0.059416943165
0.0908805268423
0.00498388648638
0.00498388648638
0.0914981235597
-0.182585854964
-0.317421894183
-0.2
0.0871151261204
0.109623313041
-0.176198938992
-0.0888596200935
0.220240834594
0.17880902564
-0.0215025671276
0.121094908772
0.157535533572
0.201368303471
0.209558392195
0.173488855221
0.165309134832
0.164910151236
0.068422106092
0.0319620233356
-0.11196076921
-0.134873415438
-0.071614602734
-0.208083750911
-0.214870293625
0.0969019650015
0.2
0.184652966584
0.0827935358688
-0.0190658948463
-0.069179419223
-0.0669549284906
0.289057250949
0.289057250949
0.00811651623637
0.4
0.4
0.4
0.4
0.4
0.4
0.4
0.4
0.262926071561
0.102201862876
-0.221059410762
0.0189262921471
-0.182179563386
-0.227647303321
-0.182179563386
-0.142006378692
-0.0482134400112
0.153493786446
0.000133140724167
0.000133140724167
0.0267364864705
0.0514438032482
0.153493783225
0.0767126499527
0.124462652576
0.0242643045481
0.144638572261
0.0755582559943
0.169935360961
0.126350626829
0.196202995001
0.169300648167
0.169300648167
0.186576623922
0.232318716195
0.16859140284
0.212897115973
0.150992108556
0.234193475049
0.234193475049
0.174472624849
0.220061915443
0.228895578316
0.228895578316
0.208921833529
0.16645308988
-0.0508786852064
-0.2
-0.2
-0.2
-0.2
-0.304426964189
-0.304426964189
-0.39786348622
-0.386274685073
-0.361150483379
0.111922889726
0.0705120546295
-0.0871659305905
-0.0871659305905
-0.222589677088
-0.2
-0.2
-0.353944539075
-0.200692830805
-0.217398334549
-0.239913152322
-0.4
-0.279516530048
-0.398884329354
-0.37316531046
-0.366796415925
-0.333629884648
-0.4
-0.4
-0.294058157959
-0.1819348395
-0.163542707646
-0.115307346993
0.0209621185201
0.0209621185201
-0.260218311281
-0.303972111879
-0.216090233224
-0.0472745218988
0.00160978239907
0.0468954196769
0.0383910554065
0.106532812365
0.0868138968905
0.101247385033
0.209512342408
0.209512342408
0.158123027687
0.198402845548
0.0998416778082
0.181617805192
0.181617805192
0.18427911889
0.182353140766
0.182353140766
0.179330396453
0.1774603758
0.198885932713
0.141323283256
0.0874657051414
-0.0413727052196
-0.155210991891
-0.200124243541
-0.223489973007
-0.196542660913
