data
0.0272194985141
0.0272194985141
0.0272194985141
0.0198167068627
0.019816706823
0.019816706823
0.0247062775786
0.0305764184551
0.0277282616672
0.0232636428302
0.0232636428302
0.0267893752957
0.0611451605949
0.0495701158309
0.0354777095752
0.0234530163286
0.00912776924124
0.0112272316899
0.0234792544014
0.0234792544014
0.0493733455467
0.0493733455467
0.0293711083883
0.0319284378653
0.0651242548723
0.0933774001324
0.0933774001324
0.0948501732492
0.0987480106321
0.123083793903
0.103336855947
0.138050033616
0.139715637033
0.141167834138
0.111043212505
0.151642760479
0.102142084071
0.114913921618
0.114913921618
0.0878558709025
0.0753763217567
0.0753763217567
0.0682636745764
0.0682636745764
0.0745634418362
0.0622857057674
0.106032754382
0.0981896502863
0.0941404348825
0.0906400709952
0.0806712927951
0.0816315300024
0.0855885175384
0.052771244618
0.09839728162
0.0721837915915
0.0895232918924
0.0730080805498
0.0886353662371
0.110349515519
0.127707524357
0.0653782319791
0.129303167124
0.101506841461
0.0988721996071
0.0961107157023
0.124552779785
0.0934985117734
0.0934985117734
0.056650001688
0.056650001688
0.105924035869
0.0412714241751
0.0617949754665
0.0496648897995
0.0496648897995
0.0145117596474
0.0236062969659
0.046163280826
0.0367995837242
0.0125786328875
0.0547501129619
0.0221692223248
0.0487399731691
0.0204549192743
0.0426562897243
0.0367995822444
0.0609409609023
0.0309577667456
0.0204549160307
0.0204549160307
0.0236062911742
0.0161857236566
0.0138246845608
0.0484894856691
0.0138246845608
0.0174041718201
0.0604194628268
0.0426562873554
0.0426562873554
0.0275224119687
0.0512243145937
0.037020201185
0.037020201185
0.0164657801916
0.0195861960706
0.0204090558971
0.0220418658848
0.0211707353873
0.0294662752864
0.0329306478902
0.00605323666757
0.0126177549952
0.0258261544647
0.0352153776895
0.0543472242992
0.0690607046533
0.0316505209846
0.0557760551255
0.120599023859
0.0526086102796
0.0596579067151
0.101316493273
0.122941744991
0.0491728522931
0.104830871258
0.087208687596
0.108351267549
0.0559153787025
0.111875457741
0.0617482211461
0.065273983641
0.0476380498724
0.066272171506
0.0601273793133
0.0573683234922
0.0573683234922
0.0547953946004
0.0249725491433
0.0197283382494
0.0197283382494
0.0461222236585
0.0181749246595
0.0123198230353
0.014366105549
0.0342071338517
0.0152048922771
0.0219968759907
0.0125527745621
0.0105901147392
0.0105901147392
0.0181449647631
0.0181449647631
0.0181449647631
0.0272709612179
0.0272709612179
0.0259655801045
0.0259655801045
0.0167292584331
0.0655176199781
0.0345354033349
0.0593424887168
0.0357582087547
0.051461365017
0.0549776786537
0.0280501326654
0.0436389814404
0.0352326251349
0.0283520791119
0.0237958300508
0.011057349502
0.00219436935078
0.0308227126644
0.011380134017
0.0135710614389
0.0449096684457
0.0664277858576
0.0696571695894
0.0549018105026
0.0481773381511
0.129880950642
0.0934210565372
0.0792546291604
0.100415552393
0.103927996905
0.0863034254797
0.107447069934
0.110970485875
0.0728106267499
0.0933545122896
0.0763101644698
0.0763101644698
0.0763101644698
0.0763101644698
0.0584598904723
0.0798022434635
0.0433573378077
0.0250604796484
0.0467384212357
0.0112753566875
0.00868501149748
0.028585533348
0.0468589171753
0.0468589171753
0.0172747946977
0.012610133392
0.0346410719506
0.0285855320176
0.0228273884845
0.0228273884845
0.0468589166194
0.04417375777
0.0156870707167
0.0381668178159
0.0285855306872
0.0285855306872
0.0433573377825
0.0371398391547
0.0371398391547
0.0383788783131
0.0419050160984
0.054074334868
0.0662427791607
0.0270391630504
0.0253188985428
0.026352083449
0.0171150677783
0.00768892106649
0.00579194073464
0.0126177697923
0.0387259639674
0.0578618629627
0.022839434246
0.077655035392
0.0541328235837
0.0593882650176
0.117065521202
0.117065521202
0.100601285627
0.082347538276
0.114154064763
0.0900701273532
0.0936517282034
0.0993087228566
0.0783070790523
0.096794008581
0.100318992088
0.0823407953139
0.0890337352713
0.0925598825629
0.0619765240715
0.0619765240715
0.0833643421646
0.0714502701172
0.0478197409626
0.0797062941735
0.0655021726592
0.0655021726592
0.0536614189715
0.0387812868434
0.0655021713958
0.0408235203657
0.0619765227801
0.0373526165169
0.0222696900599
0.0443145417591
0.0147027437849
0.0161814120396
0.0179491406242
0.0366954900221
0.0331811153861
0.0186593163075
0.0220176009724
0.0122557567492
0.0147256084578
0.0147256084578
0.0141809174937
0.0513344128845
0.0485154781501
0.0485154781501
0.0540915988618
0.0823418355976
0.0823418355976
0.0567065579809
