data
0.00777816158569
0.00777816158569
0.00777816158569
-0.0469401906273
-0.0696254851109
-0.0696254851109
-0.129863458746
-0.157934341134
-0.205707702429
-0.25729797085
-0.25729797085
-0.270925113861
-0.21727690227
-0.240421172054
-0.264339716341
-0.288761328237
-0.340532591975
-0.354688961711
-0.410198703218
-0.410198703218
-0.481780774958
-0.481780774958
-0.434631652714
-0.420659655323
-0.511368554335
-0.609784702962
-0.609784702962
-0.599478453826
-0.519977332115
-0.527323823899
-0.402936152805
-0.434278358688
-0.441583409786
-0.473629268022
-0.319761840325
-0.427342073402
-0.336060024988
-0.395420986379
-0.395420986379
-0.312931346135
-0.337156309844
-0.337156309844
-0.403318091646
-0.403318091646
-0.464332999525
-0.450626544552
-0.514358211713
-0.492080801843
-0.461149534862
-0.436422670859
-0.449842919972
-0.494154431628
-0.515304403182
-0.454204045505
-0.571654126372
-0.488716633772
-0.540341339207
-0.4500788047
-0.475025011298
-0.484108352429
-0.508176283478
-0.350927132468
-0.405418817363
-0.320634458405
-0.282177214815
-0.232756511508
-0.279136339391
-0.20384041573
-0.20384041573
-0.112279637023
-0.112279637023
-0.233832346212
-0.095461354059
-0.170347115522
-0.15485742047
-0.15485742047
-0.0774710271865
-0.134859666105
-0.192192899066
-0.19231370597
-0.13485670019
-0.235282437778
-0.177900868482
-0.22074188423
-0.149131284021
-0.206524754357
-0.192313707033
-0.249494313917
-0.177791945943
-0.149131284519
-0.149131284519
-0.134859667308
-0.114324087352
-0.0207051004324
-0.0951278844408
-0.0207051004324
0.0125155777514
-0.0496614594235
0.00990407092505
0.00990407092505
0.191436071388
0.188170497151
0.281693373512
0.281693373512
0.385587256776
0.374624811206
0.355926048297
0.440961774936
0.505584331036
0.499502857882
0.484672058985
0.440348542153
0.436807257403
0.434536536538
0.462737371563
0.462940250187
0.482320179266
0.404391850457
0.404593366144
0.494234728407
0.306053163256
0.277627253302
0.338061654367
0.37640710704
0.241714388736
0.361595339882
0.347126270135
0.391051718368
0.306424982949
0.419841893832
0.318045914883
0.303565044847
0.289235621351
0.347183001418
0.332544939673
0.303719425526
0.303719425526
0.274651405227
0.202737285907
0.188531067691
0.188531067691
0.231421663641
0.159746703939
0.159890142159
0.145612894429
0.202960661663
0.131413550626
0.131370485092
0.18832613538
0.167891026624
0.167891026624
0.167756932994
0.167756932994
0.167756932994
0.019099657062
0.019099657062
0.056165928723
0.056165928723
-0.00576935542509
0.00239850591414
-0.122950615836
-0.0900269617596
-0.222447454037
-0.233948707108
-0.247335908614
-0.388077888852
-0.438122841365
-0.459218876598
-0.467058000091
-0.558811502083
-0.488473625155
-0.484689072052
-0.48115058706
-0.409073612022
-0.395095567303
-0.452065286212
-0.481815672175
-0.467133440864
-0.408323916991
-0.321231513392
-0.453643167614
-0.365057864591
-0.30701494494
-0.336088224563
-0.321631132461
-0.278229989041
-0.307191333627
-0.298896610049
-0.235090383703
-0.278421114286
-0.263780824279
-0.263780824279
-0.307140438878
-0.307140438878
-0.29610570667
-0.336466679572
-0.266908194033
-0.251262174947
-0.292940594604
-0.222220873311
-0.220618085966
-0.263966982504
-0.307278543703
-0.307278543703
-0.235071270076
-0.220829208864
-0.278284283082
-0.263966983349
-0.230543130541
-0.230543130541
-0.269285366669
-0.195466883833
-0.0955015493659
-0.123537869353
-0.0458083651431
-0.0458083651431
0.0115830327902
0.133163029358
0.133163029358
0.232471583482
0.245962796342
0.243900989887
0.248288558671
0.372473551963
0.368676550112
0.431179499554
0.438109596151
0.551924280378
0.572236808024
0.542608016562
0.608548999871
0.632403706314
0.470852657875
0.513759547265
0.409278955086
0.376913645079
0.501799127228
0.501799127228
0.445262223509
0.361707761834
0.428685651722
0.375908616972
0.417959329789
0.462912805823
0.423399345935
0.443913587807
0.429086611747
0.38398010237
0.381283576129
0.366475537851
0.281488905303
0.281488905303
0.303145643772
0.267296245814
0.190535160964
0.235487973554
0.184057926899
0.184057926899
0.15019792886
0.129729045997
0.176177588791
0.177443901034
0.250487554549
0.254150450474
0.224077167501
0.295387855193
0.128815094658
0.237698078185
0.23145757565
0.403484888794
0.406647161357
0.387715598171
0.39056965676
0.366300773668
0.379963330409
0.379963330409
0.38669197818
1.03834195064
1.58968202446
1.58968202446
2.33887737237
2.68718778594
2.68718778594
2.27394011954
