data
-0.253912920438
-0.253912920438
-0.253912920438
-0.391412920438
-0.391412920438
-0.391412920438
-0.391412920438
-0.435857481443
-0.435857481443
-0.435857481443
-0.435857481443
-0.458079761945
-0.458079761945
-0.458079761945
-0.458079761945
-0.458079761945
-0.458079761945
-0.480302042447
-0.488379761945
-0.488379761945
-0.50453520094
-0.50453520094
-0.512612920438
-0.490390639936
-0.522701756345
-0.62855731455
-0.62855731455
-0.598946150457
-0.576723869954
-0.480523822271
-0.376768097173
-0.362001255666
-0.421256694661
-0.399034414159
-0.399034414159
-0.332367572652
-0.287923011647
-0.38975617014
-0.38975617014
-0.38975617014
-0.494811609136
-0.494811609136
-0.547289328633
-0.547289328633
-0.502844767629
-0.529422487126
-0.484977926122
-0.509333365117
-0.51146652361
-0.513599682103
-0.584432840596
-0.539988279592
-0.495543718587
-0.451099157582
-0.406654596578
-0.317765649414
-0.228876527405
-0.117765124893
-0.0733205638885
-0.00665372238159
0.0155685581207
0.0822353996277
0.171124521637
0.193346802139
0.215569082642
0.237791363144
0.260013643646
0.260013643646
0.260013643646
0.260013643646
0.260013643646
0.260013643646
0.237791363144
0.215569082642
0.215569082642
0.215569082642
0.193346802139
0.193346802139
0.193346802139
0.171124521637
0.148902241135
0.171124521637
0.148902241135
0.171124521637
0.171124521637
0.171124521637
0.171124521637
0.171124521637
0.171124521637
0.171124521637
0.171124521637
0.193346802139
0.171124521637
0.190224521637
0.190224521637
0.190224521637
0.392102241135
0.414324521637
0.489124521637
0.489124521637
0.541602241135
0.541602241135
0.590402241135
0.590402241135
0.68355768013
0.707813119125
0.709946277618
0.712079436111
0.667634875107
0.6009680336
0.578745753098
0.512078911591
0.445412070084
0.378745165004
0.356522884501
0.289856042994
0.267633762492
0.267633762492
0.200966920985
0.134300079478
0.112077798976
0.0676332379712
0.0231886769665
0.000966396464212
0.0231886769665
0.000966396464212
0.000966396464212
-0.0212558840381
-0.0212558840381
-0.0434781645404
-0.0657004450427
-0.0879227255451
-0.0879227255451
-0.0879227255451
-0.0879227255451
-0.110145006047
-0.110145006047
-0.13236728655
-0.13236728655
-0.13236728655
-0.13236728655
-0.154589567052
-0.154589567052
-0.13236728655
-0.154589567052
-0.154589567052
-0.13236728655
-0.110145006047
-0.110145006047
-0.0879227255451
-0.0879227255451
-0.0879227255451
-0.0879227255451
-0.0879227255451
-0.234200445043
-0.234200445043
-0.383700445043
-0.383700445043
-0.43617816454
-0.43617816454
-0.43617816454
-0.43617816454
-0.55377816454
-0.62257816454
-0.644800445043
-0.76007816454
-0.806655884038
-0.739989042531
-0.695544481527
-0.62887764002
-0.584433079015
-0.517766237508
-0.38443272934
-0.339988168335
-0.317765887833
-0.273321326828
-0.251099046326
-0.228876765823
-0.206654485321
-0.139987643814
-0.0733208023071
-0.0733208023071
-0.0510985218048
-0.0288762413025
-0.00665396080017
-0.00665396080017
0.0155683197021
0.0377906002045
0.0155683197021
0.0377906002045
0.0377906002045
0.0377906002045
0.0377906002045
0.0377906002045
0.0377906002045
0.0600128807068
0.0600128807068
0.0600128807068
0.0822351612091
0.0822351612091
0.0600128807068
0.0822351612091
0.0822351612091
0.0822351612091
0.0822351612091
0.0822351612091
0.0822351612091
0.0822351612091
0.0822351612091
0.0822351612091
0.0822351612091
0.123557441711
0.198257441711
0.272957441711
0.400235161209
0.400235161209
0.452712880707
0.452712880707
0.452712880707
0.570312880707
0.592535161209
0.639112880707
0.685590600204
0.756523758698
0.720156917191
0.758534636688
0.722167795181
0.768623234177
0.73225639267
0.687811831665
0.727000603999
0.660334000911
0.638111720408
0.452945069636
0.438178466548
0.452989344539
0.460444783534
0.460444783534
0.475255899943
0.408589058436
0.386366777934
0.364144497432
0.341922216929
0.319699936427
0.297477655925
0.230810814418
0.208588533915
0.186366253413
0.119699411906
0.0974771314038
0.0752548509015
0.0752548509015
0.0530325703991
0.0530325703991
0.0530325703991
0.0308104091061
0.0530325703991
0.0530325703991
0.0530325703991
0.0943548509015
0.146832570399
0.265977131404
0.393254850901
0.437699411906
0.437699411906
0.393254850901
0.415477131404
0.415477131404
0.393254850901
0.371032570399
0.393254850901
0.393254850901
0.371032570399
0.371032570399
0.348810289897
0.348810289897
0.326588009395
0.304365728892
0.282143567599
0.282143567599
0.259921287097
0.215476845301
0.215476845301
0.237699125804
