data
0.430189967193
0.430189967193
0.430189967193
0.419168014372
0.410813018432
0.410813018432
0.426745100673
0.425733802364
0.410645656606
0.39648826461
0.39648826461
0.39556774194
0.445672678524
0.438339129625
0.431248291287
0.424487675889
0.41162441538
0.410423205272
0.427292091692
0.427292091692
0.412139915044
0.412139915044
0.3881807417
0.389643163578
0.440167657411
0.44988281583
0.44988281583
0.453031776466
0.481650531476
0.469448668721
0.429753183183
0.454380350959
0.481987643739
0.46491662069
0.495796027023
0.469522021659
0.428829590683
0.463629082078
0.463629082078
0.473912829602
0.453215165379
0.453215165379
0.436115820407
0.436115820407
0.427755581562
0.425494709369
0.429736219525
0.429420312365
0.430651502588
0.431735351109
0.430017032207
0.448046158038
0.441572793512
0.419762647067
0.461962839155
0.44224498812
0.44158432866
0.450399443172
0.452904598542
0.458968548843
0.491151274717
0.434292400258
0.445144971977
0.441624361445
0.422560549354
0.41258842767
0.416300374754
0.412888966572
0.412888966572
0.411930175648
0.411930175648
0.413959836836
0.412067065691
0.410765745498
0.410858239838
0.410858239838
0.413161690618
0.439294112085
0.438391919026
0.437831481259
0.439436181874
0.437685059759
0.437781173852
0.437644131226
0.438795082351
0.437693580945
0.437831475553
0.437814522805
0.438063893784
0.43879507663
0.43879507663
0.439294100647
0.442022529945
0.42533690954
0.448650860204
0.42533690954
0.429727640261
0.451440793711
0.425082072116
0.425082072116
0.413355002391
0.409693845732
0.39379746725
0.39379746725
0.418372912588
0.415462489815
0.413390817783
0.413711419834
0.423949481463
0.419623509937
0.421289521772
0.42600913619
0.422549771396
0.420226365578
0.41598636736
0.415964541389
0.443459457266
0.421910731169
0.421891492571
0.420220169235
0.420606820354
0.422635828083
0.419864229911
0.429450643195
0.405853785639
0.42960754136
0.42985200829
0.430785898134
0.403270612322
0.433025880868
0.433133203839
0.43421160672
0.434263676157
0.434602163883
0.434378854943
0.435329534605
0.435329534605
0.43622214567
0.436901591872
0.437303853401
0.437303853401
0.437056819453
0.438392121008
0.438386480031
0.43892302072
0.437317048832
0.439826780166
0.440253142948
0.437170972851
0.440166653355
0.440166653355
0.415406065474
0.415406065474
0.415406065474
0.433712229071
0.433712229071
0.424695521425
0.424695521425
0.400337646247
0.393353067397
0.412284778766
0.374434027258
0.393375033905
0.38803191594
0.387191526775
0.410498651221
0.392092296581
0.411783646293
0.403588333585
0.408660128431
0.420866254344
0.417444491334
0.413971687662
0.392913806791
0.394293743301
0.417122135871
0.415193966851
0.416804985994
0.421533449366
0.429095084763
0.424634461256
0.426775465397
0.430169490966
0.429197419947
0.430336256347
0.432203778517
0.431426751889
0.422892701418
0.434750493757
0.432899759909
0.433432538563
0.433432538563
0.432126913468
0.432126913468
0.404048096099
0.432825511183
0.405415076659
0.405883103003
0.434003618998
0.40723741394
0.435555005245
0.434406563186
0.433939142438
0.433939142438
0.435173330895
0.435686245983
0.434161796019
0.434406557473
0.40879620644
0.40879620644
0.409747779574
0.415906021672
0.423011228645
0.420873978155
0.424828843075
0.424828843075
0.396779079899
0.411949815541
0.411949815541
0.392783753636
0.391948245976
0.387411399403
0.382026772377
0.408309926081
0.39654073185
0.408194570273
0.398944138341
0.405408183951
0.40205985028
0.405790419932
0.413779928256
0.446950235173
0.397891322577
0.409029168632
0.420667223193
0.446874846337
0.447336290877
0.447336290877
0.441419370026
0.419155818731
0.434938202948
0.418673348827
0.462973363254
0.447235798889
0.442414322016
0.431360889633
0.432851662154
0.45932481697
0.442096614286
0.443384487201
0.422240873581
0.422240873581
0.434284412139
0.423196341843
0.402926094413
0.384742543897
0.438400572871
0.438400572871
0.432318961273
0.42637732394
0.40935878494
0.402414306351
0.418887460822
0.378244600753
0.339724554276
0.293379353824
0.26447696652
0.214187025628
0.215006649201
0.170730099453
0.169340443092
0.129438760199
0.130776679696
0.0908642561472
0.0921498730441
0.0921498730441
0.0534815311284
0.0693509377377
0.0485154781501
0.0485154781501
0.0540915988618
0.0823418355976
0.0823418355976
0.0567065579809
