data
0.00334605333787
0.00334605333787
0.00334605333787
-0.0196686017368
-0.0285799514212
-0.0285799514212
-0.0552629580903
-0.0669588135869
-0.0838784788234
-0.100893735389
-0.100893735389
-0.10586299425
-0.0960742623589
-0.104373677849
-0.112673093339
-0.120879256969
-0.137478087949
-0.142539447474
-0.170400477673
-0.170400477673
-0.190968318869
-0.190968318869
-0.163453721962
-0.159115729748
-0.215405369262
-0.257643830248
-0.257643830248
-0.255605940194
-0.239313107562
-0.236237137393
-0.168515263268
-0.191183193884
-0.205987793444
-0.212057320822
-0.155848762157
-0.194594983473
-0.141415169928
-0.178588403419
-0.178588403419
-0.145893562778
-0.149925772629
-0.149925772629
-0.171163404307
-0.171163404307
-0.191560294499
-0.185315548627
-0.211419993988
-0.202884276272
-0.191630382735
-0.182494598558
-0.186981763204
-0.212502650884
-0.217606960521
-0.184169685968
-0.249932946343
-0.20763099021
-0.227163665953
-0.195940193858
-0.207140759422
-0.213612846407
-0.238986743483
-0.149296083001
-0.175566806999
-0.139186196929
-0.117660893092
-0.0951678846383
-0.114701377178
-0.0835818234989
-0.0835818234989
-0.046154252182
-0.046154252182
-0.0959175024348
-0.0392767625648
-0.0696348373468
-0.0633704575258
-0.0633704575258
-0.0319760527231
-0.0590636436468
-0.0837380625817
-0.0836829308864
-0.0590814536111
-0.102032113014
-0.0774714915409
-0.095823743121
-0.0651957849838
-0.08975333637
-0.0836829302527
-0.108102518497
-0.07747456036
-0.0651957843501
-0.0651957843501
-0.0590636426325
-0.0504238147557
-0.00880601420672
-0.0426148667086
-0.00880601420672
0.00537814928579
-0.022409994527
0.00420997416392
0.00420997416392
0.0786486131614
0.0766381503218
0.109468874293
0.109468874293
0.157351450048
0.152027441562
0.144049553375
0.17657593752
0.205326682631
0.200995127699
0.196286461217
0.181588432022
0.178759114518
0.176911120754
0.1856960104
0.185761778794
0.205692424453
0.166004884834
0.166075472228
0.199334839876
0.126727810816
0.115833716642
0.139251785229
0.157858107255
0.0971482170632
0.151980910029
0.146234317185
0.164198761544
0.121647421231
0.176508313384
0.135445549537
0.129796330645
0.123860546958
0.147873490056
0.141802802194
0.130194638304
0.130194638304
0.118308429338
0.0879707059371
0.0819578238216
0.0819578238216
0.10024401591
0.0697342195969
0.0697954023252
0.0636872322127
0.0881500418688
0.0576329816824
0.0576700540874
0.0818449151665
0.0735533453688
0.0735533453688
0.0693608461825
0.0693608461825
0.0693608461825
0.00828325120001
0.00828325120001
0.0238408789852
0.0238408789852
-0.00230967735808
0.000943458753902
-0.0505630500434
-0.0336636416695
-0.086785389497
-0.0899537370985
-0.0947929316065
-0.155336768295
-0.166341374397
-0.18252229578
-0.18172022203
-0.216662961863
-0.197503513906
-0.194501275534
-0.191585862963
-0.156285217941
-0.151762240503
-0.182209079228
-0.192396277866
-0.187699245387
-0.167378960425
-0.135480473001
-0.186093131161
-0.15236026938
-0.130003463394
-0.141547895107
-0.136035517668
-0.118706556182
-0.130455964277
-0.124527487665
-0.101266816834
-0.118977264401
-0.113009930483
-0.113009930483
-0.130646717396
-0.130646717396
-0.117900270662
-0.142899057835
-0.106928378074
-0.100913376017
-0.125326700559
-0.089753671264
-0.0953137082304
-0.11334195956
-0.131251739355
-0.131251739355
-0.101357219697
-0.0954321797648
-0.119266999492
-0.113341958424
-0.0934125158802
-0.0934125158802
-0.109010375207
-0.0807791595368
-0.040336846751
-0.0518617237453
-0.0194539093998
-0.0194539093998
0.00459580232411
0.0546945062743
0.0546945062743
0.090490826202
0.0954355791004
0.0935559741114
0.0938813070796
0.148592345711
0.142905835546
0.170601915067
0.169243417135
0.212566358113
0.217720984712
0.209538469473
0.23654869483
0.264185720509
0.180501935591
0.201019394643
0.167403654524
0.164473412729
0.215170386237
0.215170386237
0.19011691748
0.148327511105
0.180793261596
0.153702460843
0.187919171406
0.199715939824
0.181771231541
0.185259589091
0.18008377434
0.172069370133
0.164509532828
0.15887673972
0.117292714044
0.117292714044
0.12964427116
0.111776592157
0.0763079159259
0.0897671758155
0.0802362719846
0.0802362719846
0.0646895444977
0.0551585029941
0.0717473397746
0.071031835113
0.10383228542
0.0950994829629
0.075489070612
0.0854059362195
0.0339744849666
0.0504337738611
0.0493217670605
0.0670330361308
0.066979587019
0.0489375024395
0.049788674226
0.0325443123211
0.0341771360939
0.0341771360939
0.0201693144766
0.0597502507949
0.0485068264098
0.0485068264098
0.0389051227756
0.0361421085452
0.0361421085452
0.0432565066502
