data
0.0
0.0
0.0
0.0
0.0
0.0
-0.0488125619822
-0.0809794237429
-0.135723663251
-0.194841756139
-0.194841756139
-0.20443225806
-0.148980989715
-0.175502369286
-0.2
-0.2
-0.2
-0.2
-0.2
-0.2
-0.252080101113
-0.252080101113
-0.2118192583
-0.210356836422
-0.285985198782
-0.398761797827
-0.398761797827
-0.386951706265
-0.295850131453
-0.304268590922
-0.2
-0.2
-0.206017313674
-0.242739162231
-0.2
-0.2
-0.2
-0.2
-0.2
-0.2
-0.2
-0.2
-0.2
-0.2
-0.232086423229
-0.216379982788
-0.289411093781
-0.2638830625
-0.22843844144
-0.200103542481
-0.215482015165
-0.266259267199
-0.290495349337
-0.220479496905
-0.355067375647
-0.260028009859
-0.31918556466
-0.215752319153
-0.244338566211
-0.254747308424
-0.282327125839
-0.2
-0.2
-0.2
-0.2
-0.166719315272
-0.2
-0.13358391031
-0.13358391031
-0.0286629865331
-0.0286629865331
-0.167952131032
-0.00939065388366
-0.0952034154333
-0.0774535323845
-0.0774535323845
0.0
-0.0545377938871
-0.120236839377
-0.120375273892
-0.0545343951987
-0.169613813564
-0.103859378714
-0.152951566562
-0.0708918633553
-0.136659935792
-0.12037527511
-0.185899423999
-0.103734562679
-0.0708918639264
-0.0708918639264
-0.0545377952652
-0.0310057540393
0.0
-0.00900852584938
0.0
0.0
0.0
0.0
0.0
0.119369578742
0.115627506312
0.20620253275
0.20620253275
0.2
0.2
0.2
0.205304972608
0.279356967126
0.272388112227
0.255393268555
0.204602259602
0.200544246198
0.2
0.230257968271
0.230490450049
0.252698212919
0.2
0.2
0.266351280531
0.2
0.2
0.2
0.2
0.176984286443
0.2
0.2
0.2
0.2
0.2
0.2
0.2
0.2
0.2
0.2
0.2
0.2
0.2
0.132319816648
0.116040689715
0.116040689715
0.16518969229
0.0830562385369
0.0832206066288
0.066860085869
0.132575786409
0.050588836434
0.0505394869667
0.115805854585
0.092388944873
0.092388944873
0.0922352848923
0.0922352848923
0.0922352848923
0.0
0.0
0.0
0.0
0.0
-0.00664693260294
-0.0408910275188
-0.0255659727421
-0.1627643948
-0.181179765593
-0.196461181263
-0.2
-0.207907703419
-0.226226070037
-0.235209043861
-0.340350812255
-0.259749542496
-0.255412764094
-0.251357958975
-0.2
-0.2
-0.218028659286
-0.252120090378
-0.235295492619
-0.2
-0.2
-0.219836778184
-0.2
-0.2
-0.2
-0.2
-0.2
-0.2
-0.2
-0.169393735806
-0.2
-0.2
-0.2
-0.2
-0.2
-0.2
-0.2
-0.2
-0.187925243515
-0.2
-0.154646363209
-0.152809704202
-0.2
-0.2
-0.2
-0.169371833203
-0.153051633222
-0.2
-0.2
-0.164182967514
-0.164182967514
-0.2
-0.123988549564
-0.00943671431258
-0.041563970479
0.0
0.0
0.00950961180359
0.0525935913882
0.0525935913882
0.174528115151
0.190295065696
0.192547622413
0.202311984082
0.2
0.20345926815
0.2
0.202036616472
0.332458637529
0.355735079637
0.321782985579
0.39734578639
0.4
0.239557401375
0.288725074857
0.2
0.2
0.27501944307
0.27501944307
0.210232923673
0.2
0.2
0.2
0.2
0.230459001124
0.2
0.208687500997
0.2
0.2
0.2
0.2
0.2
0.2
0.2
0.2
0.118337211442
0.169849340215
0.110914847945
0.110914847945
0.0721141483056
0.0486585363175
0.101884645651
0.103335732591
0.187037593924
0.192365467201
0.154844527462
0.2
0.13552303348
0.185812974372
0.184993350799
0.2
0.2
0.2
0.2
0.2
0.2
0.2
0.2
0.2
0.2
0.2
-0.2
-0.2
-0.2
-0.2
