data
0.0141918988024
0.0141918988024
0.0141918988024
-0.0786744069472
-0.114319805685
-0.114319805685
-0.172239270379
-0.186855830605
-0.199790252043
-0.203362749599
-0.203362749599
-0.183487625165
-0.235316059721
-0.215554707695
-0.17293908587
-0.153373893797
-0.107758683181
-0.0919362423362
0.017286225781
0.017286225781
0.185811794233
0.185811794233
-0.00229878907746
-0.021801204664
0.285985198782
0.398761797827
0.398761797827
0.386951706265
0.295850131453
0.304268590922
0.00843564042537
0.135180555796
0.206017313674
0.242739162231
-0.0450273116139
0.158977159116
-0.0955381295692
0.0589156411131
0.0589156411131
-0.0808782719143
-0.0669304556711
-0.0669304556711
0.0209415855018
0.0209415855018
0.169823579841
0.113946209438
0.289411093781
0.2638830625
0.166652730825
0.0809233092178
0.123332378683
0.266259267199
0.290495349337
0.111144981746
0.355067375647
0.260028009859
0.31918556466
0.184540989492
0.244338566211
0.254747308424
0.282327125839
-0.0691577923592
0.0651595773427
-0.0431182297973
-0.0940479451548
-0.17825834524
-0.168264465317
-0.200743383686
-0.200743383686
-0.155954022195
-0.155954022195
-0.215717878708
-0.147716396375
-0.183335933954
-0.176028297719
-0.176028297719
-0.137893773384
-0.1817167807
-0.12288139042
-0.0874362116687
-0.181791419246
-0.0381976719961
-0.154881822204
-0.0548599189979
-0.136919622205
-0.0711515497682
-0.0874362104506
-0.0219120615616
-0.104076922881
-0.136919621634
-0.136919621634
-0.181716775265
-0.170689504983
-0.0519554634854
-0.161450940985
-0.0519554634854
0.0215125971432
-0.089639978108
0.0227682268358
0.0227682268358
0.0393695175842
0.0431115900141
-0.159304798034
-0.159304798034
-0.2
-0.2
-0.2
-0.205304972608
-0.279356967126
-0.272388112227
-0.237981382068
-0.0854550740467
-0.060387661907
-0.0499368626177
-0.130146049868
-0.130781466095
-0.252698212919
0.00296331026174
-0.00270404854824
-0.261065160697
0.135004377984
0.165609955626
0.102327287964
0.0371821110919
0.21160858181
0.0595291727867
0.07972786557
0.0109037523541
0.151450275896
-0.04781688705
0.113838733774
0.129974880665
0.145814417962
0.0741219000595
0.0943020413163
0.128872355967
0.128872355967
0.0966365254041
0.164316708756
0.180595835689
0.180595835689
0.0805171177563
0.16265057151
0.195961002672
0.178846724178
0.113131023637
0.179943090296
0.180140729383
0.211573806081
0.201824436602
0.201824436602
0.185208099838
0.185208099838
0.185208099838
0.0432223040706
0.0432223040706
0.0953635159407
0.0953635159407
-0.00923870943231
0.0104207676186
-0.161361172655
-0.109088593936
-0.168069540614
0.00802381539991
0.0742349464275
0.2
0.207907703419
0.226226070037
0.229279574065
0.340350812255
0.240264104981
0.213715771123
0.18926910402
-0.043341882765
-0.0603264359138
0.0971981527881
0.19558879586
0.14766826585
0.0638129306086
-0.0724454111979
0.122164924112
-0.0581404364257
-0.129402177262
-0.0951155741736
-0.112089454604
-0.158726458523
-0.128146185392
-0.144088137022
-0.228056479978
-0.158066561444
-0.172169793794
-0.172169793794
-0.127614707137
-0.127614707137
-0.160680291558
-0.0907732640078
-0.185645993948
-0.210239623619
-0.14200212479
-0.204368321847
-0.22844512872
-0.171408765401
-0.125921039458
-0.125921039458
-0.227895181093
-0.228677085837
-0.157358093015
-0.171408768011
-0.209467096006
-0.209467096006
-0.181129079203
-0.192838652936
-0.151910672691
-0.165882924502
-0.0778156375993
-0.0778156375993
0.00979836696693
0.166184433709
0.166184433709
-0.0815889578089
-0.148285623712
-0.192547622413
-0.202311984082
-0.2
-0.20345926815
-0.2
-0.202036616472
-0.332458637529
-0.355735079637
-0.321782985579
-0.39734578639
-0.4
-0.239557401375
-0.288725074857
-0.00333487859495
0.00970992031341
-0.27501944307
-0.27501944307
-0.13827948157
0.0725477205343
-0.0711030019896
0.0531692025659
-0.113770597553
-0.228192956644
-0.0766542614183
-0.105913520727
-0.0671324048102
-0.0429774747251
0.00955255620537
0.0331196725373
0.162141161578
0.162141161578
0.130394424978
0.174973161326
0.186894452262
0.189219363047
0.210030239993
0.210030239993
0.186644029685
0.171975475659
0.161599891192
0.180791607861
0.205148102019
0.18803246465
0.147111754987
0.141623744878
0.000374906385999
0.0159221210721
0.0122937174432
0.0681321445234
0.0679183480761
-0.00424999024189
-0.000845303096074
-0.0698227507155
-0.0632914556243
-0.0632914556243
-0.119322742093
0.0390010031796
-0.00597269436093
-0.00597269436093
0.355620491102
0.344568434181
0.344568434181
0.373026026601
